p 40 er 0.3 0.4 0.15 1.0 0.6
e 0 1
e 0 2
e 0 4
e 0 8
e 0 10
e 0 12
e 0 15
e 0 17
e 0 20
e 0 22
e 0 29
e 0 32
e 0 33
e 0 34
e 0 35
e 0 37
e 0 38
e 0 39
e 1 6
e 1 9
e 1 15
e 1 18
e 1 21
e 1 22
e 1 23
e 1 25
e 1 29
e 1 34
e 1 36
e 1 37
e 2 3
e 2 14
e 2 16
e 2 17
e 2 18
e 2 19
e 2 21
e 2 23
e 2 25
e 2 31
e 2 38
e 2 39
e 3 7
e 3 10
e 3 15
e 3 16
e 3 17
e 3 18
e 3 21
e 3 23
e 3 24
e 3 25
e 3 35
e 3 36
e 4 6
e 4 7
e 4 14
e 4 25
e 4 34
e 5 10
e 5 11
e 5 13
e 5 14
e 5 15
e 5 17
e 5 20
e 5 23
e 5 24
e 5 27
e 5 30
e 6 7
e 6 9
e 6 10
e 6 13
e 6 19
e 6 22
e 6 24
e 6 26
e 6 27
e 6 28
e 6 30
e 6 31
e 6 34
e 6 37
e 6 38
e 6 39
e 7 15
e 7 18
e 7 23
e 7 28
e 7 32
e 7 37
e 7 39
e 8 13
e 8 21
e 8 22
e 8 23
e 8 25
e 8 27
e 8 39
e 9 10
e 9 11
e 9 19
e 9 23
e 9 24
e 9 26
e 9 33
e 9 37
e 9 38
e 10 12
e 10 15
e 10 18
e 10 19
e 10 24
e 10 25
e 10 33
e 10 35
e 10 36
e 10 37
e 11 12
e 11 15
e 11 16
e 11 19
e 11 24
e 11 26
e 11 27
e 11 31
e 11 32
e 11 34
e 11 37
e 11 39
e 12 19
e 12 23
e 12 24
e 12 25
e 12 35
e 12 37
e 13 17
e 13 18
e 13 19
e 13 20
e 13 25
e 13 33
e 14 15
e 14 16
e 14 20
e 14 22
e 14 28
e 14 31
e 14 32
e 14 36
e 14 37
e 14 39
e 15 23
e 15 25
e 15 27
e 15 28
e 15 29
e 15 30
e 15 32
e 15 33
e 15 34
e 15 36
e 16 17
e 16 23
e 16 26
e 16 27
e 16 29
e 16 32
e 16 33
e 16 37
e 17 18
e 17 20
e 17 25
e 17 27
e 17 29
e 17 31
e 17 33
e 17 35
e 17 38
e 18 19
e 18 25
e 18 32
e 18 35
e 18 38
e 18 39
e 19 21
e 19 27
e 19 30
e 19 31
e 19 34
e 19 38
e 20 28
e 20 37
e 21 25
e 21 28
e 21 29
e 21 31
e 21 36
e 21 37
e 22 25
e 22 26
e 22 28
e 22 30
e 22 32
e 22 33
e 22 38
e 22 39
e 23 26
e 23 28
e 24 26
e 24 37
e 25 26
e 25 28
e 25 31
e 25 33
e 26 29
e 26 30
e 26 34
e 26 38
e 27 28
e 27 29
e 27 31
e 27 34
e 27 39
e 28 31
e 28 32
e 28 35
e 28 37
e 29 31
e 29 37
e 29 38
e 29 39
e 30 32
e 31 35
e 31 37
e 32 34
e 32 35
e 32 38
e 32 39
e 33 34
e 33 35
e 33 36
e 34 35
e 34 36
e 36 38
e 36 39
e 37 39
cU 1 1 1 1 1 1 1 1 1 1 1 1 1 1 1 1 1 1 1 1 1 1 1 1 1 1 1 1 1 1 1 1 1 1 1 1 1 1 1 1
cL 1 1 1 1 1 1 1 1 1 1 1 1 1 1 1 1 1 1 1 1 1 1 1 1 1 1 1 1 1 1 1 1 1 1 1 1 1 1 1 1
iL 24 24 24 24 24 24 24 24 24 24 24 24 24 24 24 24 24 24 24 24 24 24 24 24 24 24 24 24 24 24 24 24 24 24 24 24 24 24 24 24
bU 24
bL 24