p 40 er 0.3 0.1 0.15 1.0 0.6
e 0 3
e 0 13
e 0 17
e 0 21
e 0 22
e 0 23
e 0 28
e 0 31
e 0 36
e 0 37
e 1 5
e 1 13
e 1 16
e 1 17
e 1 18
e 1 33
e 1 34
e 1 36
e 1 37
e 1 38
e 2 7
e 2 8
e 2 9
e 2 10
e 2 12
e 2 15
e 2 17
e 2 20
e 2 21
e 2 25
e 2 30
e 2 31
e 2 34
e 2 35
e 2 37
e 2 38
e 3 4
e 3 6
e 3 8
e 3 19
e 3 20
e 3 25
e 3 26
e 3 27
e 3 28
e 3 33
e 4 5
e 4 7
e 4 8
e 4 15
e 4 16
e 4 18
e 4 20
e 4 21
e 4 22
e 4 27
e 4 28
e 4 29
e 4 31
e 4 32
e 4 33
e 5 10
e 5 11
e 5 17
e 5 18
e 5 19
e 5 25
e 5 28
e 5 30
e 5 31
e 5 34
e 5 38
e 5 39
e 6 7
e 6 8
e 6 10
e 6 11
e 6 13
e 6 14
e 6 17
e 6 20
e 6 21
e 6 24
e 6 25
e 6 26
e 6 29
e 7 16
e 7 17
e 7 18
e 7 22
e 7 23
e 7 27
e 7 28
e 8 12
e 8 13
e 8 17
e 8 20
e 8 22
e 8 25
e 8 26
e 8 32
e 8 33
e 8 37
e 9 13
e 9 16
e 9 20
e 9 21
e 9 25
e 9 27
e 9 30
e 9 31
e 9 32
e 9 33
e 9 39
e 10 11
e 10 14
e 10 15
e 10 16
e 10 19
e 10 28
e 10 37
e 11 12
e 11 15
e 11 19
e 11 26
e 11 32
e 11 36
e 11 38
e 11 39
e 12 15
e 12 17
e 12 23
e 12 25
e 12 26
e 12 29
e 12 33
e 12 36
e 12 37
e 12 38
e 13 15
e 13 17
e 13 18
e 13 19
e 13 21
e 13 22
e 13 27
e 13 29
e 13 30
e 13 31
e 13 32
e 13 33
e 13 38
e 13 39
e 14 15
e 14 17
e 14 21
e 14 22
e 14 30
e 14 33
e 14 34
e 14 36
e 14 37
e 15 22
e 15 31
e 15 35
e 15 36
e 16 25
e 16 32
e 16 36
e 17 34
e 17 35
e 17 38
e 17 39
e 18 23
e 18 24
e 18 25
e 18 35
e 19 26
e 19 29
e 19 31
e 19 32
e 20 21
e 20 22
e 20 23
e 20 25
e 20 30
e 20 33
e 20 34
e 21 24
e 21 32
e 21 33
e 21 34
e 21 35
e 21 36
e 21 38
e 21 39
e 22 27
e 22 30
e 22 31
e 22 37
e 22 39
e 23 26
e 23 27
e 23 29
e 23 34
e 23 35
e 23 37
e 23 38
e 24 26
e 24 34
e 24 36
e 24 39
e 25 27
e 25 28
e 25 30
e 25 33
e 25 36
e 26 27
e 26 30
e 27 28
e 27 34
e 27 36
e 27 37
e 27 39
e 28 33
e 29 32
e 29 35
e 29 36
e 29 37
e 30 31
e 30 36
e 30 38
e 30 39
e 31 33
e 31 38
e 31 39
e 32 33
e 32 39
e 33 37
e 34 36
e 35 36
e 35 38
e 36 37
e 36 39
e 37 39
cU 1 1 1 1 1 1 1 1 1 1 1 1 1 1 1 1 1 1 1 1 1 1 1 1 1 1 1 1 1 1 1 1 1 1 1 1 1 1 1 1
cL 1 1 1 1 1 1 1 1 1 1 1 1 1 1 1 1 1 1 1 1 1 1 1 1 1 1 1 1 1 1 1 1 1 1 1 1 1 1 1 1
iL 24 24 24 24 24 24 24 24 24 24 24 24 24 24 24 24 24 24 24 24 24 24 24 24 24 24 24 24 24 24 24 24 24 24 24 24 24 24 24 24
bU 24
bL 24