p 40 er 0.3 0.15 0.15 1.0 0.6
e 0 2
e 0 5
e 0 8
e 0 13
e 0 16
e 0 17
e 0 18
e 0 19
e 0 25
e 0 26
e 0 28
e 0 32
e 0 33
e 0 36
e 0 38
e 1 4
e 1 6
e 1 8
e 1 11
e 1 12
e 1 15
e 1 23
e 1 30
e 1 33
e 1 38
e 1 39
e 2 9
e 2 11
e 2 16
e 2 18
e 2 19
e 2 20
e 2 24
e 2 28
e 2 32
e 2 35
e 2 36
e 3 15
e 3 19
e 3 21
e 3 22
e 3 24
e 3 27
e 3 34
e 3 38
e 4 13
e 4 14
e 4 16
e 4 19
e 4 31
e 4 32
e 4 35
e 4 37
e 5 6
e 5 10
e 5 11
e 5 12
e 5 16
e 5 23
e 5 24
e 5 30
e 5 35
e 5 37
e 6 8
e 6 9
e 6 11
e 6 17
e 6 19
e 6 23
e 6 24
e 6 30
e 6 31
e 7 8
e 7 13
e 7 14
e 7 21
e 7 22
e 7 26
e 7 28
e 7 34
e 7 37
e 8 13
e 8 17
e 8 18
e 8 19
e 8 27
e 8 31
e 8 34
e 8 35
e 8 36
e 8 39
e 9 11
e 9 13
e 9 15
e 9 18
e 9 19
e 9 21
e 9 27
e 9 33
e 9 38
e 10 12
e 10 14
e 10 15
e 10 19
e 10 20
e 10 25
e 10 26
e 10 28
e 10 35
e 10 36
e 11 13
e 11 14
e 11 20
e 11 23
e 11 27
e 11 29
e 11 39
e 12 15
e 12 20
e 12 23
e 12 25
e 12 31
e 12 32
e 12 36
e 13 16
e 13 23
e 13 26
e 13 27
e 13 32
e 13 33
e 13 34
e 13 37
e 13 39
e 14 15
e 14 16
e 14 17
e 14 19
e 14 23
e 14 24
e 14 30
e 14 32
e 14 33
e 14 34
e 14 38
e 15 23
e 15 32
e 15 36
e 15 38
e 16 19
e 16 20
e 16 24
e 16 25
e 16 27
e 16 37
e 17 19
e 17 21
e 17 22
e 17 25
e 17 27
e 17 28
e 17 30
e 17 31
e 17 33
e 18 19
e 18 20
e 18 22
e 18 24
e 18 33
e 18 37
e 19 20
e 19 22
e 19 24
e 19 27
e 19 29
e 19 30
e 19 39
e 20 25
e 20 27
e 20 37
e 21 23
e 21 26
e 21 28
e 21 31
e 21 33
e 21 36
e 21 39
e 22 28
e 23 26
e 23 28
e 23 33
e 23 36
e 23 38
e 24 28
e 24 30
e 24 31
e 24 32
e 24 36
e 25 27
e 25 29
e 25 30
e 26 27
e 26 28
e 26 33
e 26 34
e 26 35
e 26 36
e 26 37
e 27 37
e 28 29
e 28 32
e 28 34
e 28 35
e 28 36
e 29 31
e 30 31
e 30 33
e 30 36
e 30 39
e 31 32
e 31 33
e 31 38
e 32 33
e 32 34
e 32 38
e 32 39
e 33 35
e 34 37
e 34 38
e 35 37
e 36 37
e 38 39
cU 1 1 1 1 1 1 1 1 1 1 1 1 1 1 1 1 1 1 1 1 1 1 1 1 1 1 1 1 1 1 1 1 1 1 1 1 1 1 1 1
cL 1 1 1 1 1 1 1 1 1 1 1 1 1 1 1 1 1 1 1 1 1 1 1 1 1 1 1 1 1 1 1 1 1 1 1 1 1 1 1 1
iL 24 24 24 24 24 24 24 24 24 24 24 24 24 24 24 24 24 24 24 24 24 24 24 24 24 24 24 24 24 24 24 24 24 24 24 24 24 24 24 24
bU 24
bL 24