p 40 er 0.3 0.1 0.15 1.0 0.6
e 0 1
e 0 2
e 0 3
e 0 9
e 0 12
e 0 13
e 0 14
e 0 24
e 0 30
e 0 32
e 0 34
e 0 39
e 1 8
e 1 9
e 1 17
e 1 20
e 1 21
e 1 26
e 1 27
e 1 31
e 2 3
e 2 5
e 2 11
e 2 14
e 2 15
e 2 17
e 2 23
e 2 32
e 2 35
e 2 36
e 2 37
e 3 4
e 3 8
e 3 9
e 3 11
e 3 18
e 3 19
e 3 20
e 3 23
e 3 35
e 3 36
e 4 5
e 4 6
e 4 9
e 4 13
e 4 14
e 4 19
e 4 24
e 4 25
e 4 27
e 4 31
e 4 32
e 4 33
e 4 34
e 5 6
e 5 12
e 5 16
e 5 18
e 5 20
e 5 21
e 5 22
e 5 24
e 5 25
e 5 26
e 5 27
e 5 31
e 5 32
e 5 34
e 5 37
e 6 7
e 6 10
e 6 20
e 6 22
e 6 27
e 6 28
e 6 37
e 7 11
e 7 15
e 7 18
e 7 20
e 7 29
e 7 31
e 7 32
e 8 10
e 8 12
e 8 13
e 8 14
e 8 16
e 8 17
e 8 19
e 8 25
e 8 27
e 8 28
e 8 29
e 8 30
e 8 31
e 8 33
e 8 35
e 9 10
e 9 12
e 9 15
e 9 17
e 9 19
e 9 20
e 9 23
e 9 26
e 9 31
e 9 34
e 9 35
e 9 37
e 10 12
e 10 19
e 10 23
e 10 30
e 10 32
e 10 33
e 10 39
e 11 17
e 11 20
e 11 27
e 11 32
e 11 36
e 11 39
e 12 13
e 12 16
e 12 18
e 12 20
e 12 21
e 12 23
e 12 31
e 12 32
e 12 33
e 12 36
e 13 15
e 13 16
e 13 18
e 13 21
e 13 26
e 13 29
e 13 33
e 13 35
e 13 38
e 13 39
e 14 15
e 14 17
e 14 19
e 14 20
e 14 23
e 14 24
e 14 27
e 15 20
e 15 24
e 15 29
e 15 30
e 16 17
e 16 18
e 16 19
e 16 23
e 16 25
e 16 26
e 16 27
e 16 30
e 16 31
e 16 35
e 16 36
e 17 18
e 17 22
e 17 24
e 17 26
e 17 27
e 17 28
e 17 29
e 17 30
e 17 31
e 17 35
e 17 36
e 17 38
e 18 21
e 18 25
e 18 37
e 19 22
e 19 27
e 19 32
e 19 34
e 19 39
e 20 21
e 20 28
e 20 36
e 20 37
e 21 29
e 21 30
e 22 24
e 22 27
e 22 32
e 22 34
e 22 36
e 22 38
e 23 27
e 23 28
e 23 36
e 23 37
e 24 29
e 24 30
e 24 35
e 24 37
e 24 38
e 25 29
e 25 37
e 26 29
e 26 33
e 26 34
e 27 28
e 27 32
e 27 37
e 28 33
e 28 37
e 28 38
e 28 39
e 29 34
e 29 37
e 29 38
e 29 39
e 30 33
e 30 34
e 30 35
e 31 34
e 31 36
e 32 35
e 33 37
e 33 38
e 34 36
e 34 39
e 35 38
e 36 38
e 36 39
e 37 38
e 37 39
cU 1 1 1 1 1 1 1 1 1 1 1 1 1 1 1 1 1 1 1 1 1 1 1 1 1 1 1 1 1 1 1 1 1 1 1 1 1 1 1 1
cL 1 1 1 1 1 1 1 1 1 1 1 1 1 1 1 1 1 1 1 1 1 1 1 1 1 1 1 1 1 1 1 1 1 1 1 1 1 1 1 1
iL 24 24 24 24 24 24 24 24 24 24 24 24 24 24 24 24 24 24 24 24 24 24 24 24 24 24 24 24 24 24 24 24 24 24 24 24 24 24 24 24
bU 24
bL 24