p 40 er 0.3 0.15 0.15 1.0 0.6
e 0 1
e 0 2
e 0 4
e 0 5
e 0 11
e 0 18
e 0 28
e 0 29
e 0 33
e 0 36
e 0 39
e 1 3
e 1 12
e 1 13
e 1 14
e 1 15
e 1 17
e 1 19
e 1 20
e 1 28
e 1 30
e 1 37
e 2 6
e 2 8
e 2 9
e 2 16
e 2 18
e 2 22
e 2 24
e 2 25
e 2 34
e 2 35
e 2 39
e 3 4
e 3 5
e 3 7
e 3 8
e 3 9
e 3 10
e 3 16
e 3 20
e 3 25
e 3 29
e 4 7
e 4 11
e 4 24
e 4 25
e 4 27
e 4 29
e 4 31
e 4 32
e 4 36
e 4 38
e 4 39
e 5 8
e 5 9
e 5 15
e 5 18
e 5 20
e 5 22
e 5 23
e 5 25
e 5 28
e 5 33
e 5 35
e 5 36
e 6 13
e 6 15
e 6 20
e 6 21
e 6 23
e 6 24
e 6 25
e 6 27
e 6 28
e 6 29
e 6 33
e 6 36
e 6 39
e 7 9
e 7 10
e 7 11
e 7 18
e 7 21
e 7 25
e 7 27
e 7 28
e 7 30
e 7 32
e 7 34
e 8 9
e 8 10
e 8 11
e 8 13
e 8 14
e 8 17
e 8 18
e 8 23
e 8 24
e 8 27
e 8 28
e 8 30
e 8 31
e 8 36
e 9 12
e 9 13
e 9 20
e 9 22
e 9 23
e 9 24
e 9 30
e 9 35
e 9 36
e 9 39
e 10 11
e 10 12
e 10 14
e 10 15
e 10 18
e 10 29
e 10 33
e 10 35
e 11 14
e 11 15
e 11 17
e 11 18
e 11 19
e 11 20
e 11 23
e 11 26
e 11 28
e 11 31
e 11 35
e 11 38
e 12 13
e 12 20
e 12 21
e 12 22
e 12 24
e 12 25
e 12 27
e 12 28
e 12 31
e 12 37
e 13 14
e 13 15
e 13 18
e 13 21
e 13 22
e 13 34
e 13 37
e 14 16
e 14 26
e 14 31
e 14 35
e 15 18
e 15 20
e 15 21
e 15 22
e 15 27
e 15 28
e 15 38
e 16 18
e 16 21
e 16 22
e 16 25
e 16 28
e 16 29
e 17 20
e 17 22
e 17 27
e 17 29
e 17 31
e 17 32
e 17 33
e 17 38
e 18 19
e 18 26
e 18 29
e 18 33
e 18 36
e 18 37
e 18 38
e 19 26
e 19 30
e 19 31
e 19 34
e 19 35
e 19 36
e 19 38
e 20 23
e 20 25
e 20 29
e 20 31
e 20 38
e 21 22
e 21 24
e 21 27
e 21 28
e 22 24
e 22 25
e 22 30
e 22 34
e 22 35
e 22 38
e 22 39
e 23 27
e 23 28
e 23 35
e 23 39
e 24 25
e 24 26
e 24 31
e 24 32
e 24 34
e 24 35
e 25 29
e 25 34
e 25 35
e 26 28
e 26 30
e 26 35
e 26 36
e 26 37
e 26 39
e 27 28
e 27 30
e 27 36
e 28 32
e 28 33
e 28 35
e 28 37
e 28 39
e 29 31
e 29 33
e 29 38
e 30 31
e 30 33
e 30 37
e 31 32
e 31 33
e 31 34
e 31 36
e 32 35
e 33 36
e 34 35
e 34 38
e 34 39
e 35 37
e 36 39
e 37 38
e 38 39
cU 1 1 1 1 1 1 1 1 1 1 1 1 1 1 1 1 1 1 1 1 1 1 1 1 1 1 1 1 1 1 1 1 1 1 1 1 1 1 1 1
cL 1 1 1 1 1 1 1 1 1 1 1 1 1 1 1 1 1 1 1 1 1 1 1 1 1 1 1 1 1 1 1 1 1 1 1 1 1 1 1 1
iL 24 24 24 24 24 24 24 24 24 24 24 24 24 24 24 24 24 24 24 24 24 24 24 24 24 24 24 24 24 24 24 24 24 24 24 24 24 24 24 24
bU 24
bL 24