p 40 er 0.3 0.4 0.15 1.0 0.6
e 0 2
e 0 6
e 0 11
e 0 12
e 0 15
e 0 22
e 0 26
e 0 36
e 1 3
e 1 5
e 1 10
e 1 12
e 1 14
e 1 17
e 1 18
e 1 27
e 1 28
e 1 39
e 2 6
e 2 7
e 2 8
e 2 10
e 2 13
e 2 17
e 2 18
e 2 19
e 2 20
e 2 23
e 2 26
e 2 27
e 2 33
e 2 35
e 2 37
e 2 38
e 3 20
e 3 21
e 3 24
e 3 25
e 3 28
e 3 31
e 3 34
e 3 35
e 3 36
e 3 37
e 4 9
e 4 25
e 4 28
e 4 29
e 4 32
e 4 33
e 4 38
e 4 39
e 5 6
e 5 8
e 5 9
e 5 11
e 5 13
e 5 15
e 5 17
e 5 19
e 5 20
e 5 22
e 5 23
e 5 25
e 5 27
e 5 29
e 5 32
e 5 38
e 5 39
e 6 9
e 6 16
e 6 17
e 6 18
e 6 21
e 6 30
e 6 32
e 6 34
e 6 38
e 7 10
e 7 13
e 7 18
e 7 24
e 7 25
e 7 30
e 7 33
e 8 12
e 8 13
e 8 15
e 8 17
e 8 18
e 8 19
e 8 20
e 8 28
e 8 29
e 8 30
e 8 33
e 8 34
e 8 35
e 9 10
e 9 13
e 9 17
e 9 23
e 9 24
e 9 31
e 9 36
e 9 37
e 10 13
e 10 14
e 10 19
e 10 20
e 10 24
e 10 28
e 10 29
e 10 37
e 11 19
e 11 25
e 11 32
e 11 33
e 12 13
e 12 15
e 12 16
e 12 19
e 12 22
e 12 24
e 12 35
e 13 14
e 13 20
e 13 21
e 13 27
e 13 28
e 13 31
e 13 38
e 14 17
e 14 19
e 14 32
e 14 37
e 14 38
e 15 20
e 15 24
e 15 26
e 15 28
e 15 29
e 15 33
e 15 35
e 16 19
e 16 22
e 16 23
e 16 25
e 16 30
e 17 25
e 17 32
e 17 38
e 18 20
e 18 22
e 18 36
e 19 23
e 19 32
e 20 22
e 20 25
e 20 33
e 21 22
e 21 23
e 21 24
e 21 26
e 21 29
e 21 34
e 22 28
e 22 29
e 22 31
e 22 34
e 22 35
e 22 39
e 23 24
e 23 29
e 23 38
e 23 39
e 24 27
e 24 28
e 24 29
e 24 33
e 24 34
e 24 35
e 24 36
e 24 39
e 25 26
e 25 34
e 26 36
e 27 30
e 27 32
e 27 36
e 27 37
e 27 39
e 28 30
e 28 31
e 28 35
e 28 38
e 29 30
e 29 31
e 29 34
e 29 35
e 29 36
e 29 37
e 30 36
e 31 35
e 31 36
e 31 38
e 31 39
e 32 36
e 33 34
e 34 35
e 34 36
e 34 39
cU 1 1 1 1 1 1 1 1 1 1 1 1 1 1 1 1 1 1 1 1 1 1 1 1 1 1 1 1 1 1 1 1 1 1 1 1 1 1 1 1
cL 1 1 1 1 1 1 1 1 1 1 1 1 1 1 1 1 1 1 1 1 1 1 1 1 1 1 1 1 1 1 1 1 1 1 1 1 1 1 1 1
iL 24 24 24 24 24 24 24 24 24 24 24 24 24 24 24 24 24 24 24 24 24 24 24 24 24 24 24 24 24 24 24 24 24 24 24 24 24 24 24 24
bU 24
bL 24