p 40 er 0.3 0.4 0.15 1.0 0.6
e 0 2
e 0 8
e 0 12
e 0 16
e 0 26
e 0 36
e 1 2
e 1 4
e 1 5
e 1 11
e 1 16
e 1 20
e 1 23
e 1 24
e 1 27
e 1 29
e 1 32
e 1 37
e 2 7
e 2 18
e 2 19
e 2 23
e 2 25
e 2 26
e 2 27
e 2 32
e 2 36
e 3 4
e 3 5
e 3 15
e 3 19
e 3 23
e 3 26
e 3 29
e 3 31
e 3 32
e 3 34
e 3 38
e 3 39
e 4 9
e 4 18
e 4 24
e 4 25
e 4 27
e 4 28
e 4 38
e 5 6
e 5 11
e 5 12
e 5 14
e 5 28
e 5 31
e 5 32
e 5 33
e 5 34
e 5 36
e 5 39
e 6 8
e 6 11
e 6 15
e 6 17
e 6 22
e 6 24
e 6 29
e 6 33
e 6 34
e 6 36
e 6 38
e 7 17
e 7 18
e 7 25
e 7 27
e 7 29
e 7 33
e 7 35
e 7 36
e 7 37
e 8 14
e 8 15
e 8 16
e 8 17
e 8 27
e 8 31
e 8 34
e 8 37
e 8 39
e 9 10
e 9 11
e 9 15
e 9 21
e 9 23
e 9 24
e 9 26
e 9 29
e 9 33
e 9 34
e 9 36
e 9 39
e 10 13
e 10 18
e 10 20
e 10 22
e 10 23
e 10 24
e 10 27
e 10 28
e 10 31
e 10 35
e 10 39
e 11 12
e 11 13
e 11 15
e 11 17
e 11 25
e 11 34
e 11 35
e 11 36
e 11 37
e 11 39
e 12 18
e 12 21
e 12 25
e 12 31
e 13 18
e 13 19
e 13 20
e 13 28
e 13 35
e 13 39
e 14 17
e 14 22
e 14 24
e 14 27
e 14 31
e 14 32
e 14 35
e 14 37
e 15 17
e 15 20
e 15 22
e 15 24
e 15 28
e 15 30
e 15 34
e 15 35
e 15 38
e 16 17
e 16 22
e 16 24
e 16 27
e 16 30
e 16 35
e 16 36
e 16 38
e 17 18
e 17 19
e 17 21
e 17 31
e 17 36
e 18 26
e 18 29
e 18 30
e 18 31
e 18 32
e 18 33
e 18 34
e 18 38
e 18 39
e 19 21
e 19 29
e 19 34
e 19 39
e 20 21
e 20 22
e 20 30
e 20 32
e 20 34
e 21 22
e 21 23
e 21 33
e 21 34
e 21 37
e 21 38
e 21 39
e 22 23
e 22 24
e 22 31
e 22 35
e 22 37
e 23 25
e 23 27
e 23 29
e 23 30
e 23 31
e 23 32
e 23 33
e 23 39
e 24 26
e 24 31
e 24 32
e 24 33
e 24 34
e 25 27
e 25 29
e 25 32
e 25 34
e 26 27
e 26 28
e 26 31
e 26 32
e 26 34
e 27 35
e 27 36
e 27 37
e 27 38
e 28 32
e 28 33
e 28 34
e 28 35
e 28 36
e 28 38
e 28 39
e 29 30
e 29 34
e 29 35
e 29 36
e 30 37
e 31 34
e 31 35
e 31 36
e 31 37
e 31 39
e 32 33
e 33 35
e 33 36
e 33 39
e 34 36
e 34 38
e 35 38
e 35 39
e 36 38
cU 1 1 1 1 1 1 1 1 1 1 1 1 1 1 1 1 1 1 1 1 1 1 1 1 1 1 1 1 1 1 1 1 1 1 1 1 1 1 1 1
cL 1 1 1 1 1 1 1 1 1 1 1 1 1 1 1 1 1 1 1 1 1 1 1 1 1 1 1 1 1 1 1 1 1 1 1 1 1 1 1 1
iL 24 24 24 24 24 24 24 24 24 24 24 24 24 24 24 24 24 24 24 24 24 24 24 24 24 24 24 24 24 24 24 24 24 24 24 24 24 24 24 24
bU 24
bL 24