p 40 er 0.3 0.2 0.05 1.0 0.6
e 0 4
e 0 7
e 0 8
e 0 14
e 0 16
e 0 22
e 0 23
e 0 29
e 0 31
e 0 33
e 0 37
e 0 39
e 1 3
e 1 15
e 1 16
e 1 21
e 1 23
e 1 30
e 1 34
e 2 5
e 2 7
e 2 20
e 2 21
e 2 23
e 2 26
e 2 29
e 2 33
e 3 5
e 3 11
e 3 17
e 3 22
e 3 23
e 3 29
e 3 31
e 3 36
e 4 7
e 4 10
e 4 21
e 4 28
e 4 32
e 4 37
e 5 9
e 5 11
e 5 12
e 5 18
e 5 29
e 5 30
e 5 36
e 6 7
e 6 9
e 6 11
e 6 12
e 6 17
e 6 18
e 6 19
e 6 25
e 6 30
e 6 39
e 7 12
e 7 13
e 7 14
e 7 17
e 7 18
e 7 19
e 7 20
e 7 23
e 7 35
e 7 39
e 8 9
e 8 15
e 8 16
e 8 18
e 8 19
e 8 20
e 8 28
e 8 29
e 8 32
e 8 35
e 8 37
e 9 15
e 9 16
e 9 18
e 9 21
e 9 24
e 9 25
e 9 27
e 9 28
e 9 30
e 9 31
e 9 38
e 9 39
e 10 12
e 10 17
e 10 18
e 10 20
e 10 25
e 10 34
e 10 35
e 10 37
e 11 15
e 11 21
e 11 29
e 11 31
e 11 32
e 11 36
e 11 37
e 11 39
e 12 15
e 12 17
e 12 19
e 12 21
e 12 22
e 12 25
e 12 26
e 12 27
e 12 32
e 12 37
e 13 16
e 13 18
e 13 19
e 13 26
e 13 27
e 13 29
e 13 34
e 13 37
e 13 39
e 14 17
e 14 18
e 14 20
e 14 22
e 14 25
e 14 26
e 14 28
e 14 29
e 14 38
e 15 22
e 15 26
e 15 30
e 15 31
e 15 32
e 15 35
e 15 36
e 15 38
e 16 18
e 16 20
e 16 21
e 16 24
e 16 25
e 16 31
e 16 32
e 16 34
e 16 35
e 16 37
e 16 38
e 17 22
e 17 24
e 17 28
e 17 29
e 17 32
e 17 39
e 18 19
e 18 23
e 18 25
e 18 26
e 18 27
e 18 28
e 18 30
e 18 34
e 18 36
e 19 22
e 19 23
e 19 26
e 20 25
e 20 26
e 20 27
e 20 31
e 20 32
e 20 36
e 20 37
e 21 22
e 21 26
e 21 27
e 21 35
e 22 25
e 22 27
e 22 32
e 22 33
e 22 34
e 22 36
e 22 38
e 22 39
e 23 24
e 23 25
e 23 27
e 23 28
e 23 32
e 23 34
e 23 37
e 24 28
e 24 30
e 24 36
e 24 37
e 25 30
e 25 32
e 25 34
e 25 35
e 25 37
e 26 29
e 26 30
e 26 31
e 26 34
e 26 36
e 27 32
e 29 33
e 29 36
e 31 32
e 31 33
e 32 35
e 33 37
e 34 38
e 34 39
e 36 37
e 36 38
e 36 39
e 37 38
e 38 39
cU 1 1 1 1 1 1 1 1 1 1 1 1 1 1 1 1 1 1 1 1 1 1 1 1 1 1 1 1 1 1 1 1 1 1 1 1 1 1 1 1
cL 1 1 1 1 1 1 1 1 1 1 1 1 1 1 1 1 1 1 1 1 1 1 1 1 1 1 1 1 1 1 1 1 1 1 1 1 1 1 1 1
iL 24 24 24 24 24 24 24 24 24 24 24 24 24 24 24 24 24 24 24 24 24 24 24 24 24 24 24 24 24 24 24 24 24 24 24 24 24 24 24 24
bU 24
bL 24