p 40 er 0.3 0.2 0.1 1.0 0.6
e 0 6
e 0 7
e 0 9
e 0 11
e 0 12
e 0 16
e 0 18
e 0 19
e 0 24
e 0 25
e 0 32
e 0 33
e 0 36
e 0 38
e 1 3
e 1 4
e 1 5
e 1 7
e 1 9
e 1 10
e 1 12
e 1 13
e 1 16
e 1 18
e 1 20
e 1 25
e 1 26
e 1 27
e 1 28
e 1 34
e 1 35
e 1 36
e 2 3
e 2 4
e 2 7
e 2 14
e 2 15
e 2 18
e 2 19
e 2 21
e 2 22
e 2 23
e 2 25
e 2 26
e 2 32
e 2 33
e 2 37
e 3 8
e 3 9
e 3 23
e 3 24
e 3 29
e 3 37
e 4 5
e 4 13
e 4 19
e 4 21
e 4 24
e 4 25
e 4 26
e 4 31
e 4 33
e 4 38
e 4 39
e 5 11
e 5 12
e 5 15
e 5 19
e 5 22
e 5 27
e 5 32
e 5 33
e 5 37
e 5 38
e 6 7
e 6 12
e 6 13
e 6 14
e 6 18
e 6 20
e 6 21
e 6 23
e 6 30
e 7 11
e 7 12
e 7 14
e 7 17
e 7 22
e 7 26
e 7 27
e 7 29
e 7 32
e 7 34
e 7 38
e 7 39
e 8 10
e 8 11
e 8 12
e 8 14
e 8 15
e 8 17
e 8 18
e 8 19
e 8 20
e 8 21
e 8 29
e 8 32
e 8 35
e 8 38
e 9 15
e 9 17
e 9 18
e 9 19
e 9 21
e 9 23
e 9 24
e 9 27
e 9 28
e 9 29
e 9 30
e 9 31
e 9 32
e 9 36
e 9 37
e 9 38
e 10 15
e 10 17
e 10 18
e 10 22
e 10 23
e 10 27
e 10 33
e 10 34
e 10 35
e 11 14
e 11 15
e 11 17
e 11 27
e 11 34
e 11 38
e 12 14
e 12 18
e 12 21
e 12 22
e 12 26
e 12 28
e 12 29
e 12 30
e 12 34
e 12 39
e 13 17
e 13 20
e 13 24
e 13 29
e 13 33
e 14 15
e 14 17
e 14 18
e 14 21
e 14 25
e 14 27
e 14 28
e 14 36
e 14 39
e 15 17
e 15 24
e 15 25
e 15 26
e 15 30
e 15 37
e 15 38
e 16 17
e 16 23
e 16 27
e 16 28
e 16 30
e 16 33
e 17 20
e 17 28
e 17 30
e 18 21
e 18 22
e 18 23
e 18 24
e 18 25
e 18 27
e 18 28
e 18 35
e 18 36
e 19 20
e 19 25
e 19 26
e 19 32
e 19 38
e 19 39
e 20 36
e 20 38
e 20 39
e 21 28
e 21 33
e 22 25
e 22 30
e 22 33
e 22 37
e 22 38
e 22 39
e 23 26
e 23 27
e 23 30
e 23 33
e 23 35
e 23 37
e 23 38
e 24 27
e 24 28
e 24 29
e 24 32
e 24 38
e 24 39
e 25 27
e 26 27
e 26 31
e 26 32
e 26 33
e 26 34
e 26 38
e 26 39
e 27 29
e 27 30
e 27 34
e 27 36
e 27 38
e 27 39
e 28 32
e 28 35
e 29 31
e 30 31
e 30 33
e 30 37
e 31 37
e 32 33
e 32 36
e 32 38
e 33 34
e 33 38
e 35 37
e 37 39
cU 1 1 1 1 1 1 1 1 1 1 1 1 1 1 1 1 1 1 1 1 1 1 1 1 1 1 1 1 1 1 1 1 1 1 1 1 1 1 1 1
cL 1 1 1 1 1 1 1 1 1 1 1 1 1 1 1 1 1 1 1 1 1 1 1 1 1 1 1 1 1 1 1 1 1 1 1 1 1 1 1 1
iL 24 24 24 24 24 24 24 24 24 24 24 24 24 24 24 24 24 24 24 24 24 24 24 24 24 24 24 24 24 24 24 24 24 24 24 24 24 24 24 24
bU 24
bL 24