p 40 er 0.3 0.1 0.15 1.0 0.6
e 0 1
e 0 4
e 0 5
e 0 12
e 0 15
e 0 16
e 0 23
e 0 24
e 0 25
e 0 27
e 0 31
e 0 36
e 0 38
e 1 4
e 1 9
e 1 11
e 1 12
e 1 13
e 1 15
e 1 20
e 1 21
e 1 24
e 1 26
e 1 32
e 1 33
e 1 35
e 1 36
e 1 39
e 2 3
e 2 7
e 2 8
e 2 9
e 2 12
e 2 13
e 2 14
e 2 19
e 2 22
e 2 23
e 2 28
e 2 29
e 2 30
e 2 34
e 3 4
e 3 5
e 3 7
e 3 16
e 3 30
e 3 33
e 3 35
e 3 38
e 4 6
e 4 7
e 4 9
e 4 11
e 4 13
e 4 20
e 4 21
e 4 23
e 4 28
e 4 30
e 4 33
e 5 11
e 5 13
e 5 14
e 5 16
e 5 17
e 5 18
e 5 19
e 5 20
e 5 22
e 5 28
e 5 29
e 5 33
e 5 36
e 5 37
e 6 9
e 6 14
e 6 15
e 6 19
e 6 21
e 6 22
e 6 24
e 6 27
e 6 33
e 6 37
e 7 9
e 7 12
e 7 27
e 7 28
e 7 36
e 7 38
e 8 12
e 8 14
e 8 17
e 8 19
e 8 20
e 8 21
e 8 26
e 8 27
e 8 28
e 8 30
e 8 32
e 8 34
e 9 10
e 9 11
e 9 16
e 9 24
e 9 27
e 9 33
e 9 34
e 9 39
e 10 15
e 10 23
e 10 25
e 10 26
e 11 21
e 11 24
e 11 29
e 11 38
e 12 13
e 12 14
e 12 15
e 12 19
e 12 23
e 12 26
e 12 36
e 12 39
e 13 19
e 13 21
e 13 25
e 13 32
e 13 33
e 13 34
e 13 36
e 13 37
e 13 39
e 14 18
e 14 19
e 14 22
e 14 25
e 14 26
e 14 31
e 14 37
e 14 39
e 15 19
e 15 21
e 15 23
e 15 24
e 15 26
e 15 28
e 15 39
e 16 17
e 16 20
e 16 22
e 16 23
e 16 28
e 16 29
e 16 30
e 16 31
e 16 32
e 16 34
e 16 35
e 16 36
e 16 38
e 17 18
e 17 20
e 17 21
e 17 22
e 17 28
e 17 29
e 17 34
e 17 38
e 18 19
e 18 20
e 18 23
e 18 33
e 19 23
e 19 26
e 19 29
e 19 31
e 19 32
e 19 34
e 19 35
e 19 36
e 19 39
e 20 29
e 20 30
e 20 31
e 20 32
e 21 22
e 21 23
e 21 24
e 21 30
e 21 31
e 21 33
e 21 37
e 21 38
e 22 23
e 22 24
e 22 27
e 22 28
e 23 25
e 23 30
e 23 34
e 23 35
e 23 36
e 23 37
e 23 39
e 24 31
e 24 34
e 24 37
e 24 39
e 25 26
e 25 27
e 25 29
e 25 30
e 25 32
e 25 33
e 25 36
e 25 38
e 25 39
e 26 28
e 26 30
e 26 33
e 27 29
e 27 34
e 27 35
e 28 29
e 28 39
e 29 31
e 29 35
e 29 38
e 30 32
e 30 33
e 30 34
e 30 37
e 31 38
e 32 34
e 33 37
e 34 35
e 34 36
e 35 36
e 36 38
e 36 39
e 37 38
e 37 39
e 38 39
cU 1 1 1 1 1 1 1 1 1 1 1 1 1 1 1 1 1 1 1 1 1 1 1 1 1 1 1 1 1 1 1 1 1 1 1 1 1 1 1 1
cL 1 1 1 1 1 1 1 1 1 1 1 1 1 1 1 1 1 1 1 1 1 1 1 1 1 1 1 1 1 1 1 1 1 1 1 1 1 1 1 1
iL 24 24 24 24 24 24 24 24 24 24 24 24 24 24 24 24 24 24 24 24 24 24 24 24 24 24 24 24 24 24 24 24 24 24 24 24 24 24 24 24
bU 24
bL 24