p 40 er 0.3 0.2 0.1 1.0 0.6
e 0 2
e 0 4
e 0 8
e 0 12
e 0 21
e 0 23
e 0 24
e 0 29
e 0 30
e 0 31
e 0 32
e 0 37
e 1 4
e 1 6
e 1 8
e 1 9
e 1 10
e 1 14
e 1 15
e 1 16
e 1 18
e 1 19
e 1 20
e 1 22
e 1 26
e 1 34
e 1 35
e 2 4
e 2 8
e 2 14
e 2 24
e 2 28
e 2 32
e 2 38
e 3 11
e 3 12
e 3 15
e 3 20
e 3 23
e 3 26
e 3 35
e 4 8
e 4 13
e 4 14
e 4 15
e 4 18
e 4 19
e 4 23
e 4 28
e 4 30
e 4 31
e 4 34
e 5 6
e 5 8
e 5 11
e 5 13
e 5 14
e 5 16
e 5 21
e 5 27
e 5 32
e 5 34
e 5 37
e 5 38
e 6 7
e 6 8
e 6 13
e 6 15
e 6 21
e 6 22
e 6 23
e 6 24
e 6 28
e 6 33
e 6 38
e 7 10
e 7 11
e 7 12
e 7 15
e 7 17
e 7 18
e 7 19
e 7 21
e 7 22
e 7 24
e 7 27
e 7 32
e 7 37
e 7 38
e 7 39
e 8 11
e 8 12
e 8 13
e 8 17
e 8 27
e 8 30
e 8 31
e 8 33
e 9 11
e 9 12
e 9 15
e 9 19
e 9 23
e 9 28
e 9 31
e 9 32
e 9 33
e 9 34
e 9 37
e 10 16
e 10 20
e 10 22
e 10 26
e 10 35
e 10 36
e 10 38
e 11 12
e 11 13
e 11 16
e 11 21
e 11 22
e 11 30
e 11 37
e 11 38
e 11 39
e 12 14
e 12 16
e 12 18
e 12 23
e 12 25
e 12 31
e 12 38
e 13 15
e 13 17
e 13 24
e 13 31
e 14 15
e 14 16
e 14 22
e 14 23
e 14 25
e 14 30
e 14 31
e 14 32
e 14 35
e 14 36
e 15 16
e 15 17
e 15 27
e 15 28
e 15 29
e 15 30
e 15 36
e 15 38
e 16 18
e 16 22
e 16 24
e 16 30
e 16 31
e 16 32
e 16 34
e 17 18
e 17 22
e 17 39
e 18 20
e 18 21
e 18 24
e 18 25
e 18 34
e 18 37
e 19 27
e 19 28
e 19 33
e 19 34
e 19 36
e 19 38
e 19 39
e 21 22
e 21 24
e 21 25
e 21 26
e 21 28
e 21 30
e 21 31
e 21 35
e 22 26
e 22 34
e 23 29
e 23 30
e 23 39
e 24 25
e 24 30
e 24 34
e 24 38
e 25 30
e 25 31
e 26 36
e 27 28
e 27 31
e 27 37
e 27 38
e 28 29
e 28 33
e 28 37
e 28 38
e 28 39
e 29 31
e 29 32
e 30 31
e 30 33
e 30 34
e 30 38
e 30 39
e 31 32
e 31 34
e 32 35
e 32 37
e 33 34
e 33 36
e 34 37
e 35 36
e 35 39
e 37 38
e 38 39
cU 1 1 1 1 1 1 1 1 1 1 1 1 1 1 1 1 1 1 1 1 1 1 1 1 1 1 1 1 1 1 1 1 1 1 1 1 1 1 1 1
cL 1 1 1 1 1 1 1 1 1 1 1 1 1 1 1 1 1 1 1 1 1 1 1 1 1 1 1 1 1 1 1 1 1 1 1 1 1 1 1 1
iL 24 24 24 24 24 24 24 24 24 24 24 24 24 24 24 24 24 24 24 24 24 24 24 24 24 24 24 24 24 24 24 24 24 24 24 24 24 24 24 24
bU 24
bL 24