p 40 er 0.3 0.2 0.1 1.0 0.6
e 0 2
e 0 6
e 0 13
e 0 15
e 0 22
e 0 28
e 0 32
e 0 33
e 0 36
e 0 39
e 1 3
e 1 4
e 1 6
e 1 9
e 1 11
e 1 12
e 1 13
e 1 15
e 1 23
e 1 26
e 1 33
e 2 7
e 2 11
e 2 13
e 2 14
e 2 18
e 2 21
e 2 23
e 2 32
e 2 35
e 3 5
e 3 6
e 3 7
e 3 8
e 3 9
e 3 10
e 3 15
e 3 21
e 3 23
e 3 25
e 3 30
e 4 5
e 4 6
e 4 10
e 4 12
e 4 14
e 4 15
e 4 18
e 4 19
e 4 21
e 4 28
e 4 30
e 4 33
e 4 34
e 4 35
e 4 37
e 5 10
e 5 13
e 5 14
e 5 17
e 5 32
e 5 34
e 5 35
e 5 36
e 6 11
e 6 14
e 6 18
e 6 19
e 6 25
e 6 31
e 6 33
e 6 36
e 6 37
e 6 38
e 6 39
e 7 9
e 7 11
e 7 18
e 7 19
e 7 21
e 7 26
e 7 27
e 7 28
e 7 29
e 7 34
e 7 36
e 8 9
e 8 10
e 8 14
e 8 15
e 8 18
e 8 22
e 8 24
e 8 25
e 8 26
e 8 30
e 8 39
e 9 11
e 9 13
e 9 14
e 9 15
e 9 18
e 9 19
e 9 20
e 9 21
e 9 23
e 9 24
e 9 25
e 9 30
e 9 38
e 10 11
e 10 13
e 10 24
e 10 27
e 10 33
e 10 36
e 10 38
e 11 14
e 11 26
e 11 29
e 11 32
e 11 34
e 11 36
e 11 38
e 12 14
e 12 15
e 12 16
e 12 17
e 12 18
e 12 22
e 12 23
e 12 29
e 12 35
e 12 38
e 12 39
e 13 16
e 13 19
e 13 20
e 13 28
e 14 19
e 14 25
e 14 30
e 14 32
e 14 35
e 14 38
e 15 21
e 15 22
e 15 24
e 15 25
e 15 27
e 15 28
e 15 30
e 15 31
e 15 33
e 15 35
e 15 37
e 16 17
e 16 20
e 16 26
e 16 30
e 16 34
e 17 19
e 17 21
e 17 22
e 17 23
e 17 32
e 17 33
e 17 37
e 17 39
e 18 20
e 18 29
e 18 32
e 18 33
e 18 35
e 19 22
e 19 23
e 19 33
e 19 34
e 19 35
e 20 23
e 20 26
e 20 27
e 20 37
e 21 30
e 21 37
e 22 30
e 22 35
e 22 37
e 22 38
e 23 25
e 23 27
e 23 31
e 23 33
e 23 36
e 23 38
e 24 25
e 24 29
e 24 30
e 24 34
e 24 35
e 24 38
e 25 27
e 25 33
e 25 35
e 26 30
e 26 31
e 26 37
e 26 39
e 27 31
e 27 32
e 28 32
e 28 34
e 28 36
e 29 31
e 29 33
e 29 35
e 29 36
e 29 37
e 29 38
e 30 32
e 30 36
e 30 37
e 30 38
e 31 34
e 31 35
e 32 33
e 32 38
e 34 35
e 35 39
e 36 37
e 36 38
e 37 38
e 37 39
cU 1 1 1 1 1 1 1 1 1 1 1 1 1 1 1 1 1 1 1 1 1 1 1 1 1 1 1 1 1 1 1 1 1 1 1 1 1 1 1 1
cL 1 1 1 1 1 1 1 1 1 1 1 1 1 1 1 1 1 1 1 1 1 1 1 1 1 1 1 1 1 1 1 1 1 1 1 1 1 1 1 1
iL 24 24 24 24 24 24 24 24 24 24 24 24 24 24 24 24 24 24 24 24 24 24 24 24 24 24 24 24 24 24 24 24 24 24 24 24 24 24 24 24
bU 24
bL 24