p 40 er 0.3 0.2 0.1 1.0 0.6
e 0 3
e 0 13
e 0 16
e 0 18
e 0 19
e 0 20
e 0 23
e 0 25
e 0 29
e 0 30
e 0 36
e 0 39
e 1 3
e 1 10
e 1 12
e 1 15
e 1 21
e 1 24
e 1 26
e 1 30
e 1 32
e 1 34
e 1 36
e 1 37
e 1 39
e 2 3
e 2 10
e 2 13
e 2 17
e 2 18
e 2 19
e 2 20
e 2 24
e 2 27
e 3 7
e 3 8
e 3 11
e 3 14
e 3 17
e 3 21
e 3 28
e 3 35
e 3 36
e 4 6
e 4 10
e 4 16
e 4 18
e 4 20
e 4 22
e 4 27
e 4 33
e 4 36
e 4 37
e 4 38
e 5 9
e 5 12
e 5 13
e 5 14
e 5 17
e 5 20
e 5 25
e 5 26
e 5 28
e 5 33
e 5 34
e 5 39
e 6 11
e 6 15
e 6 32
e 6 35
e 6 36
e 6 37
e 6 39
e 7 8
e 7 9
e 7 10
e 7 12
e 7 17
e 7 21
e 7 22
e 7 24
e 7 26
e 7 30
e 7 33
e 7 39
e 8 9
e 8 11
e 8 12
e 8 19
e 8 22
e 8 23
e 8 26
e 8 36
e 8 38
e 9 20
e 9 21
e 9 26
e 9 27
e 9 29
e 9 31
e 9 32
e 9 33
e 9 34
e 9 38
e 10 13
e 10 14
e 10 21
e 10 22
e 10 27
e 10 28
e 10 29
e 10 30
e 10 32
e 10 34
e 10 38
e 10 39
e 11 13
e 11 17
e 11 19
e 11 20
e 11 22
e 11 24
e 11 30
e 11 31
e 11 32
e 11 33
e 12 14
e 12 16
e 12 22
e 12 26
e 12 28
e 12 29
e 12 35
e 13 15
e 13 17
e 13 19
e 13 20
e 13 31
e 13 35
e 13 39
e 14 21
e 14 26
e 14 29
e 14 39
e 15 18
e 15 19
e 15 21
e 15 22
e 15 23
e 15 27
e 15 28
e 15 33
e 15 34
e 15 36
e 15 38
e 16 18
e 16 22
e 16 23
e 16 24
e 16 25
e 16 26
e 16 28
e 16 31
e 16 34
e 16 35
e 16 38
e 17 20
e 17 30
e 17 34
e 17 36
e 18 20
e 18 21
e 18 23
e 18 27
e 18 28
e 18 31
e 18 34
e 18 38
e 19 21
e 19 32
e 19 36
e 20 22
e 20 23
e 20 27
e 20 28
e 20 30
e 20 32
e 20 33
e 20 34
e 20 36
e 21 23
e 21 24
e 21 27
e 21 28
e 21 29
e 21 32
e 21 36
e 21 37
e 21 39
e 22 25
e 22 29
e 22 30
e 22 31
e 22 32
e 22 33
e 22 34
e 22 36
e 23 28
e 23 30
e 23 34
e 23 36
e 23 39
e 24 26
e 24 27
e 24 33
e 24 37
e 24 38
e 24 39
e 25 26
e 25 27
e 25 28
e 25 37
e 25 39
e 26 28
e 26 32
e 26 39
e 27 30
e 27 33
e 27 36
e 27 39
e 28 32
e 29 30
e 29 39
e 30 32
e 30 33
e 30 34
e 30 38
e 31 34
e 31 38
e 32 36
e 32 37
e 32 39
e 33 34
e 33 36
e 33 39
e 34 36
e 35 37
e 36 39
e 37 38
cU 1 1 1 1 1 1 1 1 1 1 1 1 1 1 1 1 1 1 1 1 1 1 1 1 1 1 1 1 1 1 1 1 1 1 1 1 1 1 1 1
cL 1 1 1 1 1 1 1 1 1 1 1 1 1 1 1 1 1 1 1 1 1 1 1 1 1 1 1 1 1 1 1 1 1 1 1 1 1 1 1 1
iL 24 24 24 24 24 24 24 24 24 24 24 24 24 24 24 24 24 24 24 24 24 24 24 24 24 24 24 24 24 24 24 24 24 24 24 24 24 24 24 24
bU 24
bL 24