p 40 er 0.3 0.2 0.1 1.0 0.6
e 0 7
e 0 8
e 0 10
e 0 11
e 0 14
e 0 16
e 0 20
e 0 28
e 0 29
e 0 30
e 0 31
e 0 33
e 0 34
e 0 35
e 1 6
e 1 9
e 1 10
e 1 13
e 1 18
e 1 19
e 1 20
e 1 24
e 1 27
e 1 32
e 1 38
e 1 39
e 2 4
e 2 9
e 2 10
e 2 13
e 2 19
e 2 22
e 2 23
e 2 25
e 2 30
e 2 31
e 2 34
e 2 35
e 3 6
e 3 8
e 3 13
e 3 15
e 3 20
e 3 21
e 3 29
e 3 31
e 3 37
e 4 6
e 4 15
e 4 18
e 4 20
e 4 21
e 4 23
e 4 32
e 4 35
e 4 38
e 5 8
e 5 10
e 5 11
e 5 14
e 5 16
e 5 18
e 5 23
e 5 31
e 5 32
e 6 15
e 6 19
e 6 20
e 6 22
e 6 23
e 6 26
e 6 31
e 6 32
e 6 37
e 6 38
e 7 9
e 7 13
e 7 14
e 7 15
e 7 18
e 7 24
e 8 10
e 8 13
e 8 15
e 8 20
e 8 21
e 8 23
e 8 29
e 8 37
e 8 39
e 9 13
e 9 14
e 9 24
e 9 26
e 9 28
e 9 30
e 9 31
e 9 37
e 10 11
e 10 12
e 10 13
e 10 15
e 10 20
e 10 24
e 10 32
e 10 34
e 10 36
e 10 37
e 10 38
e 11 20
e 11 21
e 12 15
e 12 16
e 12 17
e 12 18
e 12 20
e 12 27
e 12 33
e 12 37
e 12 39
e 13 15
e 13 16
e 13 19
e 13 23
e 13 25
e 13 30
e 13 32
e 14 17
e 14 19
e 14 22
e 14 31
e 14 35
e 14 39
e 15 17
e 15 18
e 15 25
e 15 36
e 16 19
e 16 20
e 16 28
e 16 30
e 16 31
e 16 38
e 17 19
e 17 22
e 17 25
e 17 28
e 17 31
e 17 32
e 17 37
e 18 24
e 18 25
e 18 28
e 18 31
e 18 33
e 18 35
e 19 20
e 19 21
e 19 24
e 19 25
e 19 32
e 19 33
e 19 35
e 19 36
e 20 23
e 20 26
e 20 32
e 20 37
e 20 39
e 21 23
e 21 26
e 21 29
e 21 38
e 22 24
e 22 28
e 22 35
e 22 38
e 23 25
e 23 26
e 23 30
e 23 37
e 24 27
e 24 28
e 24 30
e 24 34
e 24 35
e 25 26
e 25 28
e 25 29
e 25 30
e 25 32
e 25 35
e 26 28
e 26 29
e 26 33
e 26 38
e 26 39
e 27 28
e 27 29
e 27 31
e 27 32
e 27 33
e 27 36
e 27 39
e 28 29
e 28 30
e 28 33
e 29 31
e 29 32
e 29 33
e 29 37
e 29 38
e 30 35
e 30 36
e 30 37
e 30 38
e 31 32
e 31 35
e 31 38
e 32 37
e 33 39
e 34 38
e 35 36
cU 1 1 1 1 1 1 1 1 1 1 1 1 1 1 1 1 1 1 1 1 1 1 1 1 1 1 1 1 1 1 1 1 1 1 1 1 1 1 1 1
cL 1 1 1 1 1 1 1 1 1 1 1 1 1 1 1 1 1 1 1 1 1 1 1 1 1 1 1 1 1 1 1 1 1 1 1 1 1 1 1 1
iL 24 24 24 24 24 24 24 24 24 24 24 24 24 24 24 24 24 24 24 24 24 24 24 24 24 24 24 24 24 24 24 24 24 24 24 24 24 24 24 24
bU 24
bL 24