p 40 er 0.3 0.15 0.15 1.0 0.6
e 0 4
e 0 5
e 0 11
e 0 15
e 0 16
e 0 25
e 0 28
e 0 29
e 0 33
e 0 34
e 0 35
e 0 38
e 0 39
e 1 2
e 1 3
e 1 4
e 1 8
e 1 9
e 1 15
e 1 21
e 1 25
e 1 27
e 1 30
e 1 32
e 1 35
e 1 37
e 2 21
e 2 22
e 2 23
e 2 36
e 3 4
e 3 8
e 3 23
e 3 24
e 3 30
e 3 34
e 4 5
e 4 6
e 4 9
e 4 13
e 4 19
e 4 25
e 4 28
e 4 32
e 4 33
e 4 35
e 4 37
e 5 9
e 5 12
e 5 16
e 5 20
e 5 21
e 5 22
e 5 24
e 5 26
e 5 28
e 5 29
e 5 31
e 5 35
e 5 36
e 5 37
e 5 38
e 5 39
e 6 10
e 6 13
e 6 21
e 6 22
e 6 29
e 6 30
e 6 33
e 6 36
e 7 9
e 7 10
e 7 12
e 7 13
e 7 14
e 7 18
e 7 22
e 7 23
e 7 24
e 7 25
e 7 27
e 7 29
e 7 30
e 7 34
e 7 35
e 7 36
e 7 37
e 8 16
e 8 18
e 8 22
e 8 23
e 8 24
e 8 25
e 8 26
e 8 29
e 8 32
e 8 37
e 8 39
e 9 10
e 9 14
e 9 16
e 9 19
e 9 20
e 9 23
e 9 24
e 9 26
e 9 28
e 9 30
e 9 31
e 9 35
e 9 36
e 10 11
e 10 13
e 10 16
e 10 17
e 10 18
e 10 22
e 10 23
e 10 31
e 10 33
e 11 13
e 11 15
e 11 18
e 11 23
e 11 24
e 11 25
e 11 26
e 11 29
e 11 30
e 11 33
e 11 34
e 11 35
e 11 38
e 12 18
e 12 25
e 12 27
e 12 33
e 12 34
e 12 36
e 13 14
e 13 15
e 13 23
e 13 24
e 13 28
e 13 30
e 13 32
e 13 37
e 14 18
e 14 22
e 14 23
e 14 24
e 14 28
e 14 32
e 14 35
e 14 37
e 14 39
e 15 18
e 15 24
e 15 26
e 15 28
e 15 34
e 15 36
e 16 20
e 16 21
e 16 22
e 16 24
e 16 27
e 16 28
e 16 30
e 16 36
e 16 38
e 16 39
e 17 22
e 17 24
e 17 26
e 17 31
e 17 33
e 18 19
e 18 20
e 18 22
e 18 23
e 18 26
e 18 28
e 18 33
e 18 35
e 18 38
e 19 21
e 19 22
e 19 24
e 19 34
e 19 35
e 19 38
e 19 39
e 20 25
e 20 33
e 20 34
e 21 22
e 21 25
e 21 28
e 21 29
e 21 32
e 21 33
e 21 34
e 21 36
e 21 39
e 22 24
e 22 30
e 22 32
e 22 33
e 22 38
e 23 32
e 23 36
e 23 37
e 24 26
e 24 27
e 24 31
e 24 37
e 24 38
e 25 27
e 25 29
e 25 31
e 25 32
e 25 33
e 25 36
e 25 37
e 26 31
e 26 32
e 26 39
e 27 38
e 27 39
e 28 30
e 28 32
e 28 37
e 29 32
e 29 34
e 29 35
e 30 31
e 30 37
e 31 36
e 33 36
e 33 38
e 35 39
e 36 39
e 37 38
e 37 39
cU 1 1 1 1 1 1 1 1 1 1 1 1 1 1 1 1 1 1 1 1 1 1 1 1 1 1 1 1 1 1 1 1 1 1 1 1 1 1 1 1
cL 1 1 1 1 1 1 1 1 1 1 1 1 1 1 1 1 1 1 1 1 1 1 1 1 1 1 1 1 1 1 1 1 1 1 1 1 1 1 1 1
iL 24 24 24 24 24 24 24 24 24 24 24 24 24 24 24 24 24 24 24 24 24 24 24 24 24 24 24 24 24 24 24 24 24 24 24 24 24 24 24 24
bU 24
bL 24