p 40 er 0.3 0.2 0.1 1.0 0.6
e 0 2
e 0 7
e 0 12
e 0 14
e 0 18
e 0 26
e 0 27
e 0 32
e 0 33
e 0 37
e 1 2
e 1 6
e 1 10
e 1 15
e 1 20
e 1 24
e 1 27
e 1 36
e 1 38
e 2 3
e 2 6
e 2 7
e 2 11
e 2 25
e 2 26
e 2 28
e 2 32
e 2 34
e 3 4
e 3 8
e 3 12
e 3 14
e 3 17
e 3 19
e 3 22
e 3 23
e 3 24
e 3 30
e 3 36
e 3 37
e 3 38
e 4 7
e 4 13
e 4 17
e 4 18
e 4 19
e 4 22
e 4 27
e 4 31
e 4 38
e 5 6
e 5 10
e 5 16
e 5 17
e 5 20
e 5 24
e 5 25
e 5 29
e 5 30
e 5 33
e 5 34
e 5 36
e 5 37
e 5 38
e 5 39
e 6 12
e 6 16
e 6 17
e 6 23
e 6 25
e 6 26
e 6 31
e 6 32
e 6 34
e 7 10
e 7 12
e 7 20
e 7 21
e 7 24
e 7 25
e 7 30
e 7 31
e 8 10
e 8 11
e 8 12
e 8 13
e 8 14
e 8 15
e 8 17
e 8 20
e 8 22
e 8 24
e 8 25
e 8 29
e 8 30
e 8 34
e 8 39
e 9 11
e 9 19
e 9 20
e 9 21
e 9 22
e 9 26
e 9 32
e 10 11
e 10 12
e 10 13
e 10 24
e 10 27
e 10 29
e 10 34
e 10 35
e 10 39
e 11 24
e 11 26
e 11 29
e 11 32
e 11 35
e 11 36
e 11 38
e 12 15
e 12 21
e 12 29
e 12 30
e 12 31
e 12 34
e 13 14
e 13 18
e 13 22
e 13 23
e 13 25
e 13 34
e 14 15
e 14 17
e 14 21
e 14 22
e 14 23
e 14 29
e 14 30
e 14 32
e 14 37
e 14 38
e 14 39
e 15 16
e 15 19
e 15 25
e 15 26
e 15 33
e 15 34
e 15 35
e 15 38
e 16 17
e 16 21
e 16 22
e 16 29
e 16 30
e 16 31
e 16 32
e 16 33
e 16 34
e 16 37
e 16 38
e 16 39
e 17 19
e 17 24
e 17 25
e 17 26
e 17 29
e 17 32
e 17 36
e 17 39
e 18 19
e 18 20
e 18 21
e 18 25
e 18 27
e 18 29
e 18 30
e 18 38
e 19 25
e 19 30
e 19 34
e 19 36
e 19 38
e 19 39
e 20 21
e 20 24
e 20 27
e 20 29
e 20 30
e 20 33
e 20 34
e 20 35
e 21 29
e 21 31
e 21 32
e 21 34
e 21 35
e 21 37
e 22 27
e 22 36
e 23 26
e 23 29
e 23 31
e 23 33
e 23 35
e 24 29
e 24 30
e 24 31
e 24 34
e 25 28
e 25 30
e 25 35
e 26 29
e 26 38
e 27 34
e 27 38
e 28 29
e 28 33
e 28 34
e 28 35
e 28 36
e 29 31
e 29 36
e 29 38
e 30 34
e 30 36
e 30 39
e 31 32
e 31 38
e 32 34
e 32 39
e 34 36
e 34 39
e 35 37
e 36 38
e 36 39
e 37 39
e 38 39
cU 1 1 1 1 1 1 1 1 1 1 1 1 1 1 1 1 1 1 1 1 1 1 1 1 1 1 1 1 1 1 1 1 1 1 1 1 1 1 1 1
cL 1 1 1 1 1 1 1 1 1 1 1 1 1 1 1 1 1 1 1 1 1 1 1 1 1 1 1 1 1 1 1 1 1 1 1 1 1 1 1 1
iL 24 24 24 24 24 24 24 24 24 24 24 24 24 24 24 24 24 24 24 24 24 24 24 24 24 24 24 24 24 24 24 24 24 24 24 24 24 24 24 24
bU 24
bL 24