p 40 er 0.3 0.1 0.15 1.0 0.6
e 0 7
e 0 9
e 0 12
e 0 15
e 0 16
e 0 17
e 0 18
e 0 24
e 0 25
e 0 28
e 0 32
e 0 33
e 0 34
e 0 35
e 1 3
e 1 13
e 1 25
e 1 26
e 1 30
e 2 3
e 2 6
e 2 7
e 2 14
e 2 18
e 2 23
e 2 25
e 2 28
e 2 30
e 2 32
e 2 38
e 3 4
e 3 7
e 3 12
e 3 15
e 3 16
e 3 18
e 3 20
e 3 26
e 3 28
e 3 32
e 3 33
e 3 35
e 3 36
e 3 39
e 4 5
e 4 12
e 4 15
e 4 16
e 4 17
e 4 18
e 4 19
e 4 21
e 4 23
e 4 32
e 4 35
e 4 37
e 4 38
e 5 7
e 5 8
e 5 9
e 5 12
e 5 14
e 5 23
e 5 24
e 5 25
e 5 26
e 5 30
e 5 34
e 5 35
e 6 9
e 6 11
e 6 13
e 6 16
e 6 25
e 6 26
e 6 30
e 6 32
e 6 38
e 7 9
e 7 10
e 7 14
e 7 22
e 7 24
e 7 25
e 7 26
e 7 27
e 7 30
e 7 33
e 7 39
e 8 9
e 8 13
e 8 14
e 8 15
e 8 20
e 8 24
e 8 31
e 8 33
e 8 36
e 8 39
e 9 17
e 9 19
e 9 24
e 9 25
e 9 27
e 9 28
e 9 29
e 9 30
e 9 32
e 9 37
e 9 38
e 10 11
e 10 17
e 10 19
e 10 20
e 10 23
e 10 29
e 10 32
e 10 34
e 10 36
e 11 22
e 11 29
e 11 31
e 11 32
e 11 34
e 11 37
e 11 39
e 12 13
e 12 19
e 12 20
e 12 23
e 12 24
e 12 28
e 12 32
e 13 17
e 13 18
e 13 19
e 13 22
e 13 23
e 13 24
e 13 30
e 13 32
e 13 37
e 13 38
e 14 16
e 14 20
e 14 22
e 14 23
e 14 25
e 14 28
e 14 30
e 14 32
e 14 33
e 14 37
e 14 39
e 15 16
e 15 19
e 15 21
e 15 29
e 15 33
e 15 35
e 15 38
e 16 19
e 16 21
e 16 22
e 16 33
e 16 34
e 17 23
e 17 25
e 17 29
e 17 30
e 17 34
e 17 38
e 18 25
e 18 26
e 18 33
e 18 34
e 18 39
e 19 21
e 19 22
e 19 24
e 19 25
e 19 31
e 19 34
e 19 36
e 19 37
e 19 39
e 20 25
e 20 26
e 20 27
e 20 32
e 20 33
e 20 34
e 20 36
e 20 38
e 20 39
e 21 23
e 21 24
e 21 36
e 21 38
e 22 24
e 22 25
e 22 28
e 22 30
e 22 33
e 22 34
e 22 36
e 22 38
e 22 39
e 23 26
e 23 31
e 23 32
e 23 37
e 23 39
e 24 25
e 24 26
e 24 29
e 24 32
e 24 33
e 24 39
e 25 27
e 25 28
e 25 29
e 25 30
e 25 34
e 25 37
e 26 27
e 26 28
e 26 31
e 26 32
e 26 35
e 26 36
e 26 37
e 27 28
e 27 30
e 27 31
e 27 36
e 27 39
e 28 31
e 28 38
e 29 32
e 29 33
e 29 38
e 30 35
e 30 37
e 31 32
e 31 35
e 32 34
e 32 35
e 32 39
e 33 38
e 33 39
e 35 36
e 36 37
e 37 38
cU 1 1 1 1 1 1 1 1 1 1 1 1 1 1 1 1 1 1 1 1 1 1 1 1 1 1 1 1 1 1 1 1 1 1 1 1 1 1 1 1
cL 1 1 1 1 1 1 1 1 1 1 1 1 1 1 1 1 1 1 1 1 1 1 1 1 1 1 1 1 1 1 1 1 1 1 1 1 1 1 1 1
iL 24 24 24 24 24 24 24 24 24 24 24 24 24 24 24 24 24 24 24 24 24 24 24 24 24 24 24 24 24 24 24 24 24 24 24 24 24 24 24 24
bU 24
bL 24