p 40 er 0.3 0.2 0.05 1.0 0.6
e 0 1
e 0 2
e 0 4
e 0 5
e 0 13
e 0 20
e 0 24
e 0 25
e 0 27
e 0 30
e 0 38
e 1 2
e 1 3
e 1 5
e 1 12
e 1 14
e 1 16
e 1 22
e 1 25
e 1 26
e 1 29
e 1 31
e 1 32
e 1 38
e 1 39
e 2 7
e 2 11
e 2 12
e 2 14
e 2 15
e 2 16
e 2 17
e 2 18
e 2 19
e 2 21
e 2 23
e 2 24
e 2 27
e 2 28
e 2 29
e 2 30
e 2 32
e 2 35
e 3 8
e 3 11
e 3 15
e 3 17
e 3 19
e 3 21
e 3 26
e 3 28
e 3 29
e 3 31
e 3 33
e 3 37
e 4 8
e 4 9
e 4 12
e 4 14
e 4 29
e 4 37
e 4 39
e 5 15
e 5 16
e 5 24
e 5 27
e 5 32
e 5 33
e 6 15
e 6 18
e 6 19
e 6 20
e 6 22
e 6 23
e 6 25
e 6 26
e 6 30
e 6 31
e 6 33
e 6 34
e 7 21
e 7 22
e 7 26
e 7 29
e 7 33
e 7 34
e 8 13
e 8 14
e 8 16
e 8 18
e 8 21
e 8 26
e 8 27
e 8 32
e 8 35
e 8 38
e 9 10
e 9 12
e 9 13
e 9 18
e 9 19
e 9 21
e 9 31
e 9 32
e 9 34
e 9 38
e 10 13
e 10 15
e 10 18
e 10 19
e 10 22
e 10 23
e 10 25
e 10 26
e 10 30
e 10 36
e 10 37
e 10 38
e 10 39
e 11 18
e 11 22
e 11 25
e 11 30
e 11 32
e 11 38
e 12 13
e 12 17
e 12 18
e 12 23
e 12 28
e 12 30
e 12 32
e 12 35
e 13 15
e 13 16
e 13 18
e 13 19
e 13 26
e 13 28
e 13 29
e 13 30
e 14 16
e 14 19
e 14 22
e 14 35
e 15 16
e 15 17
e 15 18
e 15 19
e 15 21
e 15 26
e 15 27
e 15 31
e 15 33
e 15 36
e 15 37
e 15 39
e 16 18
e 16 21
e 16 26
e 16 29
e 16 31
e 16 36
e 16 38
e 17 18
e 17 21
e 17 27
e 17 35
e 18 21
e 18 28
e 18 36
e 18 39
e 19 25
e 19 26
e 19 28
e 19 30
e 19 32
e 19 38
e 20 29
e 20 34
e 21 22
e 21 24
e 21 26
e 21 28
e 21 30
e 21 31
e 21 34
e 21 37
e 22 25
e 22 26
e 22 28
e 22 29
e 22 31
e 22 32
e 22 38
e 23 27
e 23 31
e 23 38
e 24 27
e 24 28
e 24 30
e 24 35
e 24 37
e 25 27
e 25 30
e 25 31
e 25 35
e 26 38
e 26 39
e 27 28
e 27 34
e 27 35
e 27 37
e 28 32
e 28 36
e 29 34
e 29 36
e 30 33
e 30 35
e 30 36
e 31 33
e 31 34
e 32 34
e 32 37
e 32 38
e 32 39
e 33 37
e 34 37
e 34 38
e 34 39
e 35 38
e 35 39
e 36 39
e 38 39
cU 1 1 1 1 1 1 1 1 1 1 1 1 1 1 1 1 1 1 1 1 1 1 1 1 1 1 1 1 1 1 1 1 1 1 1 1 1 1 1 1
cL 1 1 1 1 1 1 1 1 1 1 1 1 1 1 1 1 1 1 1 1 1 1 1 1 1 1 1 1 1 1 1 1 1 1 1 1 1 1 1 1
iL 24 24 24 24 24 24 24 24 24 24 24 24 24 24 24 24 24 24 24 24 24 24 24 24 24 24 24 24 24 24 24 24 24 24 24 24 24 24 24 24
bU 24
bL 24