p 40 er 0.3 0.15 0.15 1.0 0.6
e 0 2
e 0 3
e 0 10
e 0 17
e 0 19
e 0 20
e 0 27
e 0 28
e 0 29
e 0 31
e 0 33
e 0 35
e 1 4
e 1 8
e 1 10
e 1 14
e 1 16
e 1 18
e 1 25
e 1 32
e 1 34
e 1 35
e 1 39
e 2 7
e 2 8
e 2 10
e 2 11
e 2 12
e 2 16
e 2 21
e 2 31
e 2 33
e 2 34
e 2 37
e 2 38
e 3 9
e 3 11
e 3 13
e 3 18
e 3 19
e 3 20
e 3 23
e 3 24
e 3 31
e 3 35
e 3 36
e 4 5
e 4 7
e 4 9
e 4 10
e 4 14
e 4 15
e 4 16
e 4 20
e 4 24
e 4 25
e 4 28
e 4 33
e 4 36
e 4 38
e 4 39
e 5 14
e 5 16
e 5 25
e 5 26
e 5 27
e 5 28
e 5 31
e 5 33
e 5 34
e 5 35
e 5 39
e 6 12
e 6 13
e 6 14
e 6 15
e 6 16
e 6 18
e 6 23
e 6 29
e 6 32
e 6 33
e 6 35
e 6 38
e 7 13
e 7 16
e 7 19
e 7 20
e 7 22
e 7 31
e 7 32
e 7 35
e 7 38
e 8 9
e 8 10
e 8 11
e 8 23
e 8 26
e 8 27
e 8 28
e 8 37
e 9 13
e 9 17
e 9 19
e 9 21
e 9 23
e 9 27
e 9 34
e 9 38
e 10 11
e 10 15
e 10 17
e 10 19
e 10 20
e 10 26
e 10 29
e 10 30
e 10 31
e 10 35
e 10 38
e 11 12
e 11 13
e 11 14
e 11 19
e 11 21
e 11 23
e 11 30
e 11 32
e 11 33
e 11 36
e 11 37
e 12 21
e 12 22
e 12 25
e 12 35
e 12 38
e 13 14
e 13 17
e 13 19
e 13 24
e 13 30
e 13 34
e 14 18
e 14 19
e 14 21
e 14 22
e 14 23
e 14 25
e 14 28
e 14 30
e 14 32
e 15 17
e 15 23
e 15 25
e 15 31
e 15 35
e 16 19
e 16 22
e 16 25
e 16 30
e 16 36
e 16 37
e 17 22
e 17 23
e 17 24
e 17 25
e 17 26
e 17 29
e 17 31
e 17 32
e 18 19
e 18 27
e 18 31
e 18 37
e 18 39
e 19 24
e 19 25
e 19 26
e 19 27
e 19 31
e 19 32
e 19 33
e 19 35
e 19 37
e 19 38
e 20 21
e 20 30
e 20 32
e 20 35
e 20 38
e 21 22
e 21 23
e 21 25
e 21 28
e 22 32
e 22 36
e 22 37
e 23 24
e 23 26
e 23 31
e 23 33
e 23 38
e 24 31
e 24 33
e 24 35
e 24 39
e 25 29
e 25 36
e 25 39
e 26 28
e 26 31
e 26 32
e 26 33
e 26 37
e 27 30
e 27 34
e 27 36
e 28 31
e 28 32
e 28 38
e 29 31
e 29 36
e 29 38
e 30 34
e 31 38
e 32 36
e 33 38
e 34 35
e 34 36
e 35 37
e 36 39
cU 1 1 1 1 1 1 1 1 1 1 1 1 1 1 1 1 1 1 1 1 1 1 1 1 1 1 1 1 1 1 1 1 1 1 1 1 1 1 1 1
cL 1 1 1 1 1 1 1 1 1 1 1 1 1 1 1 1 1 1 1 1 1 1 1 1 1 1 1 1 1 1 1 1 1 1 1 1 1 1 1 1
iL 24 24 24 24 24 24 24 24 24 24 24 24 24 24 24 24 24 24 24 24 24 24 24 24 24 24 24 24 24 24 24 24 24 24 24 24 24 24 24 24
bU 24
bL 24