p 40 er 0.3 0.4 0.15 1.0 0.6
e 0 2
e 0 4
e 0 6
e 0 18
e 0 19
e 0 20
e 0 29
e 1 3
e 1 5
e 1 6
e 1 9
e 1 12
e 1 18
e 1 19
e 1 23
e 1 28
e 1 31
e 1 33
e 1 37
e 1 39
e 2 6
e 2 9
e 2 12
e 2 15
e 2 17
e 2 24
e 2 28
e 2 31
e 2 32
e 3 8
e 3 10
e 3 15
e 3 19
e 3 21
e 3 23
e 3 29
e 3 39
e 4 10
e 4 11
e 4 17
e 4 22
e 4 23
e 4 33
e 4 34
e 4 39
e 5 8
e 5 16
e 5 18
e 5 23
e 5 26
e 5 32
e 5 37
e 6 7
e 6 11
e 6 13
e 6 17
e 6 18
e 6 20
e 6 24
e 6 26
e 6 28
e 6 32
e 6 33
e 6 39
e 7 9
e 7 10
e 7 11
e 7 12
e 7 13
e 7 15
e 7 23
e 7 30
e 8 9
e 8 11
e 8 14
e 8 17
e 8 18
e 8 19
e 8 24
e 8 25
e 8 33
e 8 35
e 8 36
e 9 10
e 9 11
e 9 25
e 9 29
e 9 32
e 9 35
e 9 37
e 9 38
e 10 11
e 10 12
e 10 17
e 10 19
e 10 23
e 10 27
e 10 30
e 10 34
e 10 37
e 10 39
e 11 14
e 11 15
e 11 16
e 11 18
e 11 22
e 11 32
e 11 33
e 11 37
e 11 38
e 12 14
e 12 16
e 12 21
e 12 25
e 12 27
e 12 29
e 12 31
e 12 33
e 12 39
e 13 17
e 13 20
e 13 27
e 13 29
e 13 35
e 13 36
e 13 38
e 14 22
e 14 25
e 14 31
e 14 32
e 15 17
e 15 18
e 15 20
e 15 23
e 15 25
e 15 26
e 15 34
e 15 39
e 16 17
e 16 18
e 16 21
e 16 23
e 16 24
e 16 27
e 16 31
e 17 18
e 17 21
e 17 23
e 17 32
e 17 36
e 17 38
e 18 23
e 18 29
e 18 33
e 18 34
e 18 35
e 18 36
e 19 22
e 19 25
e 19 30
e 19 31
e 19 32
e 19 33
e 19 35
e 19 37
e 19 38
e 20 31
e 20 35
e 21 22
e 21 23
e 21 30
e 21 31
e 21 33
e 21 39
e 22 23
e 22 30
e 22 33
e 22 35
e 22 39
e 23 25
e 23 26
e 23 28
e 23 33
e 23 34
e 23 36
e 23 39
e 24 25
e 24 31
e 24 37
e 24 39
e 25 30
e 25 31
e 25 32
e 25 35
e 25 36
e 25 39
e 26 31
e 26 37
e 26 39
e 27 30
e 27 38
e 27 39
e 28 29
e 28 33
e 28 36
e 30 32
e 30 33
e 30 36
e 32 33
e 32 38
e 33 38
e 33 39
e 34 35
e 34 37
e 36 37
e 36 39
e 37 39
e 38 39
cU 1 1 1 1 1 1 1 1 1 1 1 1 1 1 1 1 1 1 1 1 1 1 1 1 1 1 1 1 1 1 1 1 1 1 1 1 1 1 1 1
cL 1 1 1 1 1 1 1 1 1 1 1 1 1 1 1 1 1 1 1 1 1 1 1 1 1 1 1 1 1 1 1 1 1 1 1 1 1 1 1 1
iL 24 24 24 24 24 24 24 24 24 24 24 24 24 24 24 24 24 24 24 24 24 24 24 24 24 24 24 24 24 24 24 24 24 24 24 24 24 24 24 24
bU 24
bL 24