p 40 er 0.3 0.2 0.05 1.0 0.6
e 0 2
e 0 5
e 0 7
e 0 11
e 0 14
e 0 18
e 0 20
e 0 21
e 0 25
e 0 26
e 0 28
e 0 29
e 0 39
e 1 2
e 1 10
e 1 15
e 1 18
e 1 21
e 1 26
e 1 28
e 1 33
e 1 34
e 1 39
e 2 3
e 2 8
e 2 9
e 2 10
e 2 15
e 2 17
e 2 18
e 2 19
e 2 22
e 2 23
e 2 27
e 2 35
e 3 5
e 3 6
e 3 12
e 3 13
e 3 18
e 3 30
e 3 31
e 3 32
e 3 34
e 3 35
e 3 37
e 4 12
e 4 13
e 4 16
e 4 19
e 4 20
e 4 24
e 4 25
e 4 28
e 4 33
e 4 34
e 4 36
e 5 7
e 5 10
e 5 11
e 5 18
e 5 27
e 5 32
e 6 8
e 6 15
e 6 16
e 6 21
e 6 25
e 6 27
e 6 29
e 6 30
e 6 32
e 7 9
e 7 13
e 7 14
e 7 18
e 7 29
e 7 36
e 8 16
e 8 19
e 8 20
e 8 24
e 8 27
e 8 31
e 8 33
e 8 34
e 9 11
e 9 13
e 9 20
e 9 22
e 9 23
e 9 26
e 9 27
e 9 28
e 9 32
e 9 34
e 10 14
e 10 15
e 10 21
e 10 23
e 10 30
e 10 35
e 10 36
e 10 37
e 11 15
e 11 17
e 11 19
e 11 20
e 11 22
e 11 24
e 11 27
e 11 33
e 11 36
e 12 15
e 12 16
e 12 17
e 12 20
e 12 21
e 12 35
e 12 36
e 13 17
e 13 18
e 13 19
e 13 21
e 13 26
e 13 31
e 13 35
e 13 39
e 14 16
e 14 20
e 14 24
e 14 31
e 14 35
e 14 36
e 14 37
e 14 38
e 15 16
e 15 17
e 15 23
e 15 25
e 15 30
e 15 31
e 15 38
e 15 39
e 16 19
e 16 22
e 16 25
e 16 26
e 16 30
e 16 35
e 16 39
e 17 22
e 17 26
e 17 35
e 18 20
e 18 23
e 18 32
e 18 33
e 18 34
e 19 20
e 19 22
e 19 26
e 19 30
e 19 36
e 19 38
e 20 24
e 20 26
e 20 28
e 21 24
e 21 25
e 21 27
e 21 29
e 21 31
e 21 33
e 21 36
e 21 37
e 22 24
e 22 25
e 22 28
e 22 30
e 22 32
e 22 36
e 23 25
e 23 28
e 23 33
e 23 37
e 24 27
e 24 30
e 24 35
e 24 37
e 24 38
e 24 39
e 25 26
e 25 32
e 25 33
e 25 35
e 25 38
e 25 39
e 26 29
e 26 32
e 26 35
e 26 39
e 27 33
e 29 30
e 29 31
e 29 35
e 29 36
e 29 38
e 30 36
e 30 37
e 32 36
e 32 38
e 33 36
e 34 35
e 35 37
e 38 39
cU 1 1 1 1 1 1 1 1 1 1 1 1 1 1 1 1 1 1 1 1 1 1 1 1 1 1 1 1 1 1 1 1 1 1 1 1 1 1 1 1
cL 1 1 1 1 1 1 1 1 1 1 1 1 1 1 1 1 1 1 1 1 1 1 1 1 1 1 1 1 1 1 1 1 1 1 1 1 1 1 1 1
iL 24 24 24 24 24 24 24 24 24 24 24 24 24 24 24 24 24 24 24 24 24 24 24 24 24 24 24 24 24 24 24 24 24 24 24 24 24 24 24 24
bU 24
bL 24