p 40 er 0.3 0.1 0.15 1.0 0.6
e 0 3
e 0 6
e 0 15
e 0 16
e 0 17
e 0 20
e 0 26
e 0 27
e 0 31
e 0 32
e 0 34
e 0 35
e 0 37
e 0 39
e 1 4
e 1 12
e 1 24
e 1 25
e 1 27
e 1 32
e 1 35
e 1 38
e 1 39
e 2 4
e 2 5
e 2 6
e 2 20
e 2 22
e 2 24
e 2 29
e 2 32
e 3 10
e 3 14
e 3 16
e 3 20
e 3 21
e 3 27
e 3 28
e 3 30
e 3 31
e 3 33
e 3 39
e 4 8
e 4 12
e 4 14
e 4 17
e 4 18
e 4 19
e 4 21
e 4 30
e 4 32
e 4 36
e 4 37
e 5 8
e 5 10
e 5 12
e 5 14
e 5 15
e 5 17
e 5 18
e 5 23
e 5 24
e 5 27
e 5 34
e 5 38
e 5 39
e 6 10
e 6 15
e 6 17
e 6 18
e 6 20
e 6 22
e 6 23
e 6 24
e 6 25
e 6 27
e 6 28
e 6 30
e 6 33
e 6 36
e 7 8
e 7 16
e 7 17
e 7 21
e 7 22
e 7 27
e 7 29
e 7 33
e 7 36
e 7 39
e 8 9
e 8 10
e 8 13
e 8 19
e 8 24
e 8 35
e 8 37
e 8 39
e 9 10
e 9 11
e 9 13
e 9 22
e 9 25
e 9 26
e 9 30
e 9 33
e 9 39
e 10 11
e 10 14
e 10 15
e 10 19
e 10 20
e 10 23
e 10 24
e 10 26
e 10 32
e 10 33
e 10 34
e 11 16
e 11 17
e 11 20
e 11 24
e 11 25
e 11 28
e 11 30
e 11 34
e 11 35
e 11 36
e 11 38
e 12 13
e 12 14
e 12 22
e 12 23
e 12 27
e 12 37
e 12 39
e 13 17
e 13 20
e 13 25
e 13 26
e 13 28
e 13 31
e 13 32
e 13 34
e 13 35
e 13 37
e 14 18
e 14 21
e 14 22
e 14 24
e 14 33
e 14 36
e 14 39
e 15 17
e 15 18
e 15 26
e 15 29
e 15 32
e 15 33
e 15 36
e 15 38
e 15 39
e 16 18
e 16 22
e 16 25
e 16 26
e 16 32
e 16 33
e 16 34
e 16 35
e 16 38
e 17 18
e 17 20
e 17 22
e 17 25
e 17 26
e 17 27
e 17 37
e 17 38
e 17 39
e 18 20
e 18 21
e 18 22
e 18 32
e 18 36
e 18 37
e 19 21
e 19 25
e 19 26
e 19 27
e 19 29
e 19 32
e 19 39
e 20 21
e 20 24
e 20 30
e 20 31
e 20 34
e 20 36
e 20 39
e 21 22
e 21 23
e 21 34
e 21 39
e 22 24
e 22 28
e 22 35
e 22 36
e 22 38
e 22 39
e 23 24
e 23 28
e 23 29
e 23 30
e 23 31
e 23 34
e 24 25
e 24 31
e 24 36
e 24 38
e 25 27
e 25 29
e 25 33
e 25 34
e 26 38
e 26 39
e 27 30
e 27 36
e 27 37
e 28 31
e 28 34
e 28 35
e 28 36
e 28 38
e 28 39
e 29 35
e 29 36
e 29 37
e 30 31
e 30 35
e 30 38
e 31 33
e 31 37
e 32 38
e 33 37
e 33 38
e 35 36
e 36 37
cU 1 1 1 1 1 1 1 1 1 1 1 1 1 1 1 1 1 1 1 1 1 1 1 1 1 1 1 1 1 1 1 1 1 1 1 1 1 1 1 1
cL 1 1 1 1 1 1 1 1 1 1 1 1 1 1 1 1 1 1 1 1 1 1 1 1 1 1 1 1 1 1 1 1 1 1 1 1 1 1 1 1
iL 24 24 24 24 24 24 24 24 24 24 24 24 24 24 24 24 24 24 24 24 24 24 24 24 24 24 24 24 24 24 24 24 24 24 24 24 24 24 24 24
bU 24
bL 24