p 40 er 0.3 0.2 0.05 1.0 0.6
e 0 3
e 0 4
e 0 10
e 0 14
e 0 16
e 0 27
e 0 28
e 0 30
e 0 32
e 0 33
e 0 35
e 0 38
e 0 39
e 1 9
e 1 12
e 1 13
e 1 14
e 1 15
e 1 17
e 1 19
e 1 20
e 1 25
e 1 26
e 1 32
e 1 34
e 2 4
e 2 5
e 2 13
e 2 14
e 2 16
e 2 22
e 2 27
e 2 29
e 2 30
e 2 31
e 2 32
e 2 33
e 2 36
e 2 37
e 2 38
e 3 4
e 3 6
e 3 10
e 3 11
e 3 12
e 3 13
e 3 16
e 3 18
e 3 28
e 3 29
e 3 30
e 3 36
e 3 37
e 3 39
e 4 5
e 4 9
e 4 10
e 4 12
e 4 14
e 4 15
e 4 22
e 4 32
e 4 39
e 5 9
e 5 11
e 5 13
e 5 14
e 5 15
e 5 18
e 5 19
e 5 22
e 5 25
e 5 27
e 5 31
e 5 33
e 6 9
e 6 12
e 6 14
e 6 17
e 6 22
e 6 24
e 6 25
e 6 27
e 6 31
e 6 32
e 6 33
e 7 10
e 7 14
e 7 18
e 7 20
e 7 24
e 7 26
e 7 34
e 7 36
e 8 9
e 8 10
e 8 11
e 8 12
e 8 15
e 8 17
e 8 20
e 8 22
e 8 23
e 8 36
e 8 38
e 8 39
e 9 11
e 9 12
e 9 13
e 9 15
e 9 16
e 9 18
e 9 23
e 9 27
e 9 31
e 9 35
e 9 37
e 9 38
e 10 14
e 10 20
e 10 22
e 10 25
e 10 29
e 10 31
e 10 35
e 10 36
e 11 12
e 11 19
e 11 20
e 11 24
e 11 25
e 11 27
e 11 29
e 11 30
e 11 31
e 11 33
e 11 36
e 11 39
e 12 13
e 12 17
e 12 22
e 12 23
e 12 26
e 12 35
e 13 15
e 13 17
e 13 18
e 13 20
e 13 34
e 13 35
e 13 36
e 14 23
e 14 26
e 14 31
e 14 38
e 15 16
e 15 24
e 15 26
e 15 27
e 15 28
e 15 29
e 15 36
e 15 39
e 16 19
e 16 31
e 16 32
e 16 37
e 17 24
e 17 34
e 17 35
e 17 36
e 17 39
e 18 21
e 18 22
e 18 28
e 18 29
e 18 38
e 19 21
e 19 27
e 19 29
e 19 30
e 19 32
e 19 35
e 20 21
e 20 22
e 20 26
e 20 27
e 20 29
e 21 30
e 21 31
e 21 32
e 21 36
e 21 39
e 22 23
e 22 27
e 22 32
e 23 26
e 23 31
e 24 29
e 24 30
e 24 39
e 25 37
e 25 38
e 25 39
e 26 29
e 26 31
e 27 32
e 28 34
e 28 35
e 28 36
e 28 37
e 29 31
e 30 36
e 30 37
e 31 32
e 31 34
e 31 36
e 31 38
e 31 39
e 32 35
e 33 38
e 34 39
e 35 39
e 36 38
e 37 38
cU 1 1 1 1 1 1 1 1 1 1 1 1 1 1 1 1 1 1 1 1 1 1 1 1 1 1 1 1 1 1 1 1 1 1 1 1 1 1 1 1
cL 1 1 1 1 1 1 1 1 1 1 1 1 1 1 1 1 1 1 1 1 1 1 1 1 1 1 1 1 1 1 1 1 1 1 1 1 1 1 1 1
iL 24 24 24 24 24 24 24 24 24 24 24 24 24 24 24 24 24 24 24 24 24 24 24 24 24 24 24 24 24 24 24 24 24 24 24 24 24 24 24 24
bU 24
bL 24