p 40 er 0.3 0.1 0.15 1.0 0.6
e 0 2
e 0 7
e 0 8
e 0 11
e 0 17
e 0 23
e 0 36
e 0 38
e 1 2
e 1 6
e 1 7
e 1 11
e 1 14
e 1 15
e 1 19
e 1 22
e 1 23
e 1 28
e 1 31
e 1 32
e 1 36
e 1 38
e 2 5
e 2 17
e 2 21
e 2 29
e 2 32
e 2 33
e 2 39
e 3 6
e 3 12
e 3 13
e 3 16
e 3 22
e 3 25
e 3 27
e 3 28
e 3 33
e 3 34
e 4 6
e 4 7
e 4 11
e 4 12
e 4 15
e 4 17
e 4 19
e 4 22
e 4 24
e 4 26
e 4 35
e 4 37
e 4 38
e 5 6
e 5 8
e 5 16
e 5 18
e 5 20
e 5 21
e 5 31
e 5 34
e 5 37
e 6 10
e 6 14
e 6 19
e 6 21
e 6 22
e 6 25
e 6 28
e 6 30
e 6 31
e 7 8
e 7 11
e 7 15
e 7 17
e 7 19
e 7 20
e 7 21
e 7 25
e 7 27
e 7 31
e 7 35
e 7 39
e 8 9
e 8 10
e 8 15
e 8 23
e 8 27
e 8 32
e 8 34
e 9 17
e 9 18
e 9 19
e 9 20
e 9 21
e 9 30
e 9 35
e 9 39
e 10 11
e 10 12
e 10 16
e 10 19
e 10 24
e 10 25
e 10 27
e 10 28
e 10 34
e 11 19
e 11 20
e 11 23
e 11 25
e 11 26
e 11 27
e 11 33
e 11 34
e 11 36
e 11 37
e 12 15
e 12 20
e 12 22
e 12 24
e 12 27
e 12 29
e 13 14
e 13 18
e 13 20
e 13 21
e 13 22
e 13 25
e 13 26
e 14 16
e 14 17
e 14 25
e 14 26
e 14 27
e 14 28
e 14 33
e 14 34
e 14 38
e 15 26
e 15 36
e 15 37
e 16 17
e 16 19
e 16 26
e 16 28
e 16 29
e 16 32
e 17 19
e 17 22
e 17 27
e 17 31
e 17 38
e 17 39
e 18 21
e 18 24
e 18 27
e 18 31
e 19 20
e 19 22
e 19 23
e 19 35
e 19 36
e 19 38
e 20 21
e 20 23
e 20 25
e 20 27
e 20 30
e 20 33
e 20 34
e 20 36
e 20 38
e 21 22
e 21 26
e 21 28
e 21 31
e 21 34
e 21 38
e 21 39
e 22 24
e 22 25
e 22 26
e 22 36
e 22 37
e 22 39
e 23 24
e 23 26
e 23 28
e 23 31
e 23 35
e 23 36
e 23 39
e 24 27
e 24 30
e 25 33
e 25 35
e 25 37
e 25 39
e 26 27
e 26 32
e 26 37
e 26 39
e 27 28
e 27 29
e 27 31
e 27 33
e 27 34
e 27 36
e 28 30
e 28 39
e 29 31
e 29 32
e 29 35
e 29 36
e 30 37
e 30 38
e 31 32
e 31 34
e 31 38
e 31 39
e 32 37
e 33 34
e 33 35
e 33 37
e 33 38
e 35 37
e 36 37
e 36 39
cU 1 1 1 1 1 1 1 1 1 1 1 1 1 1 1 1 1 1 1 1 1 1 1 1 1 1 1 1 1 1 1 1 1 1 1 1 1 1 1 1
cL 1 1 1 1 1 1 1 1 1 1 1 1 1 1 1 1 1 1 1 1 1 1 1 1 1 1 1 1 1 1 1 1 1 1 1 1 1 1 1 1
iL 24 24 24 24 24 24 24 24 24 24 24 24 24 24 24 24 24 24 24 24 24 24 24 24 24 24 24 24 24 24 24 24 24 24 24 24 24 24 24 24
bU 24
bL 24