p 40 er 0.3 0.15 0.15 1.0 0.6
e 0 3
e 0 4
e 0 8
e 0 14
e 0 16
e 0 24
e 0 30
e 0 32
e 0 35
e 1 2
e 1 5
e 1 7
e 1 8
e 1 23
e 1 27
e 1 31
e 1 32
e 2 4
e 2 21
e 2 26
e 2 28
e 2 29
e 2 30
e 2 38
e 2 39
e 3 9
e 3 11
e 3 12
e 3 15
e 3 17
e 3 18
e 3 19
e 3 21
e 3 33
e 3 34
e 4 13
e 4 15
e 4 22
e 4 25
e 4 31
e 4 33
e 4 34
e 4 36
e 4 38
e 5 6
e 5 7
e 5 8
e 5 9
e 5 11
e 5 12
e 5 14
e 5 16
e 5 20
e 5 25
e 5 27
e 5 33
e 5 35
e 5 36
e 5 37
e 6 10
e 6 12
e 6 16
e 6 18
e 6 19
e 6 21
e 6 24
e 6 28
e 6 29
e 6 30
e 6 35
e 6 36
e 6 37
e 6 38
e 7 8
e 7 10
e 7 17
e 7 21
e 7 23
e 7 28
e 7 30
e 7 33
e 7 35
e 7 38
e 7 39
e 8 10
e 8 14
e 8 16
e 8 18
e 8 19
e 8 21
e 8 22
e 8 31
e 8 32
e 8 34
e 8 35
e 8 38
e 9 12
e 9 14
e 9 23
e 9 25
e 9 26
e 9 28
e 9 29
e 9 31
e 9 33
e 9 34
e 9 39
e 10 18
e 10 19
e 10 21
e 10 24
e 10 26
e 10 36
e 10 39
e 11 16
e 11 23
e 11 26
e 11 27
e 11 28
e 11 30
e 11 31
e 11 33
e 11 34
e 12 14
e 12 29
e 12 35
e 12 38
e 12 39
e 13 19
e 13 27
e 13 30
e 13 33
e 13 34
e 14 16
e 14 18
e 14 20
e 14 22
e 14 27
e 14 28
e 14 34
e 15 16
e 15 24
e 15 25
e 15 27
e 15 30
e 15 31
e 15 36
e 16 21
e 16 23
e 16 34
e 16 36
e 16 37
e 17 18
e 17 21
e 17 25
e 17 26
e 17 27
e 17 31
e 17 34
e 17 36
e 18 21
e 18 24
e 18 27
e 18 29
e 18 32
e 18 33
e 18 37
e 18 38
e 19 21
e 19 25
e 19 26
e 19 27
e 19 34
e 20 30
e 20 33
e 20 34
e 21 23
e 21 25
e 21 31
e 21 32
e 21 33
e 21 38
e 22 25
e 22 26
e 22 32
e 22 35
e 22 36
e 22 37
e 22 38
e 22 39
e 23 26
e 23 27
e 23 30
e 23 31
e 23 34
e 23 37
e 24 25
e 24 28
e 24 32
e 24 33
e 24 39
e 25 27
e 25 28
e 25 33
e 25 34
e 26 33
e 26 37
e 26 39
e 27 32
e 28 32
e 28 33
e 28 34
e 28 39
e 29 38
e 29 39
e 31 34
e 32 34
e 32 35
e 32 36
e 32 39
e 33 35
e 34 37
e 34 39
e 35 36
e 35 37
cU 1 1 1 1 1 1 1 1 1 1 1 1 1 1 1 1 1 1 1 1 1 1 1 1 1 1 1 1 1 1 1 1 1 1 1 1 1 1 1 1
cL 1 1 1 1 1 1 1 1 1 1 1 1 1 1 1 1 1 1 1 1 1 1 1 1 1 1 1 1 1 1 1 1 1 1 1 1 1 1 1 1
iL 24 24 24 24 24 24 24 24 24 24 24 24 24 24 24 24 24 24 24 24 24 24 24 24 24 24 24 24 24 24 24 24 24 24 24 24 24 24 24 24
bU 24
bL 24