p 40 er 0.3 0.4 0.15 1.0 0.6
e 0 2
e 0 8
e 0 11
e 0 15
e 0 17
e 0 22
e 0 24
e 0 26
e 0 27
e 0 30
e 0 31
e 0 32
e 1 7
e 1 8
e 1 9
e 1 11
e 1 14
e 1 15
e 1 20
e 1 22
e 1 24
e 1 29
e 1 31
e 1 35
e 1 36
e 1 38
e 2 8
e 2 11
e 2 16
e 2 17
e 2 18
e 2 19
e 2 21
e 2 29
e 2 34
e 2 35
e 2 36
e 3 7
e 3 8
e 3 9
e 3 11
e 3 16
e 3 19
e 3 23
e 3 25
e 3 27
e 3 28
e 3 29
e 3 33
e 3 34
e 3 39
e 4 6
e 4 8
e 4 9
e 4 11
e 4 16
e 4 19
e 4 20
e 4 21
e 4 24
e 4 28
e 4 32
e 4 34
e 4 38
e 5 8
e 5 9
e 5 10
e 5 12
e 5 13
e 5 15
e 5 17
e 5 20
e 5 27
e 5 31
e 5 35
e 5 37
e 5 38
e 5 39
e 6 7
e 6 8
e 6 12
e 6 14
e 6 16
e 6 17
e 6 18
e 6 21
e 6 27
e 6 28
e 6 30
e 6 32
e 6 34
e 6 37
e 6 39
e 7 10
e 7 11
e 7 14
e 7 17
e 7 23
e 7 29
e 7 33
e 7 36
e 7 38
e 8 11
e 8 16
e 8 19
e 8 21
e 8 25
e 8 26
e 8 30
e 8 37
e 9 10
e 9 12
e 9 15
e 9 16
e 9 19
e 9 21
e 9 28
e 9 30
e 9 36
e 9 39
e 10 12
e 10 17
e 10 25
e 10 26
e 10 27
e 10 28
e 10 30
e 10 38
e 10 39
e 11 12
e 11 16
e 11 22
e 11 29
e 11 32
e 11 33
e 11 37
e 11 39
e 12 13
e 12 21
e 12 23
e 12 25
e 12 27
e 12 31
e 12 34
e 12 36
e 13 15
e 13 28
e 13 29
e 13 32
e 13 34
e 13 36
e 13 37
e 14 17
e 14 18
e 14 30
e 14 32
e 14 34
e 14 35
e 14 39
e 15 17
e 15 23
e 15 25
e 15 27
e 15 32
e 15 38
e 15 39
e 16 19
e 16 21
e 16 23
e 16 28
e 16 31
e 16 32
e 16 33
e 16 34
e 16 35
e 16 38
e 16 39
e 17 19
e 17 20
e 17 21
e 17 27
e 17 30
e 17 35
e 17 36
e 18 25
e 18 33
e 18 35
e 19 26
e 19 30
e 19 31
e 19 36
e 19 37
e 20 27
e 20 30
e 20 34
e 20 35
e 20 37
e 21 25
e 21 27
e 21 29
e 21 30
e 21 31
e 21 36
e 21 37
e 22 23
e 22 32
e 22 34
e 22 35
e 23 24
e 23 28
e 23 31
e 23 33
e 23 34
e 23 37
e 24 27
e 24 29
e 24 33
e 24 35
e 24 39
e 25 28
e 25 32
e 25 34
e 26 28
e 26 31
e 26 32
e 26 38
e 27 32
e 27 36
e 27 38
e 27 39
e 28 33
e 29 33
e 29 38
e 30 31
e 30 35
e 30 36
e 31 33
e 31 36
e 31 37
e 32 33
e 32 34
e 32 39
e 33 34
e 34 35
e 34 39
e 35 39
e 36 38
e 38 39
cU 1 1 1 1 1 1 1 1 1 1 1 1 1 1 1 1 1 1 1 1 1 1 1 1 1 1 1 1 1 1 1 1 1 1 1 1 1 1 1 1
cL 1 1 1 1 1 1 1 1 1 1 1 1 1 1 1 1 1 1 1 1 1 1 1 1 1 1 1 1 1 1 1 1 1 1 1 1 1 1 1 1
iL 24 24 24 24 24 24 24 24 24 24 24 24 24 24 24 24 24 24 24 24 24 24 24 24 24 24 24 24 24 24 24 24 24 24 24 24 24 24 24 24
bU 24
bL 24