p 40 er 0.3 0.2 0.1 1.0 0.6
e 0 5
e 0 7
e 0 11
e 0 17
e 0 20
e 0 21
e 0 22
e 0 24
e 0 26
e 0 27
e 0 28
e 0 29
e 0 35
e 0 37
e 1 2
e 1 3
e 1 9
e 1 10
e 1 17
e 1 18
e 1 25
e 1 26
e 1 27
e 1 33
e 1 34
e 1 37
e 1 38
e 1 39
e 2 4
e 2 6
e 2 7
e 2 9
e 2 10
e 2 11
e 2 12
e 2 14
e 2 16
e 2 18
e 2 21
e 2 22
e 2 23
e 2 31
e 2 32
e 2 34
e 2 37
e 2 38
e 3 5
e 3 7
e 3 12
e 3 17
e 3 18
e 3 19
e 3 21
e 3 32
e 4 8
e 4 9
e 4 17
e 4 19
e 4 20
e 4 22
e 4 24
e 4 25
e 4 27
e 4 29
e 4 30
e 4 32
e 5 7
e 5 8
e 5 10
e 5 11
e 5 16
e 5 18
e 5 19
e 5 23
e 5 29
e 5 33
e 5 37
e 6 7
e 6 8
e 6 12
e 6 13
e 6 16
e 6 20
e 6 21
e 6 23
e 6 24
e 6 25
e 6 26
e 6 27
e 6 28
e 6 29
e 6 30
e 6 32
e 6 33
e 6 36
e 6 37
e 6 38
e 7 8
e 7 10
e 7 16
e 7 18
e 7 21
e 7 22
e 7 27
e 7 31
e 8 9
e 8 10
e 8 17
e 8 18
e 8 19
e 8 22
e 8 23
e 8 24
e 8 26
e 8 33
e 8 38
e 9 18
e 9 19
e 9 20
e 9 24
e 9 31
e 9 32
e 9 33
e 9 39
e 10 14
e 10 16
e 10 24
e 10 25
e 10 26
e 10 28
e 10 31
e 10 32
e 10 39
e 11 13
e 11 18
e 11 21
e 11 22
e 11 25
e 11 26
e 11 27
e 11 29
e 11 30
e 11 32
e 11 34
e 11 37
e 11 38
e 11 39
e 12 17
e 12 22
e 12 26
e 12 30
e 12 33
e 12 36
e 12 38
e 13 14
e 13 21
e 13 22
e 13 28
e 14 26
e 14 27
e 14 28
e 14 36
e 15 17
e 15 19
e 15 21
e 15 22
e 15 24
e 15 27
e 15 28
e 15 29
e 15 33
e 15 38
e 15 39
e 16 23
e 16 25
e 16 27
e 16 30
e 16 31
e 16 36
e 16 39
e 17 19
e 17 33
e 17 37
e 18 19
e 18 22
e 18 25
e 18 27
e 18 30
e 18 31
e 18 32
e 18 38
e 18 39
e 19 21
e 19 23
e 19 28
e 20 21
e 20 23
e 20 24
e 20 26
e 20 27
e 20 28
e 20 29
e 20 35
e 20 36
e 20 38
e 20 39
e 21 24
e 21 28
e 21 29
e 21 30
e 21 33
e 22 23
e 22 25
e 22 30
e 23 26
e 23 27
e 23 29
e 23 35
e 23 39
e 24 30
e 24 31
e 24 33
e 25 28
e 25 33
e 25 35
e 26 27
e 26 29
e 26 32
e 27 28
e 27 31
e 27 32
e 27 39
e 28 31
e 29 31
e 30 34
e 31 37
e 31 38
e 33 34
e 33 35
e 33 36
e 33 37
e 33 39
e 35 37
e 35 38
e 36 38
e 36 39
e 37 38
e 38 39
cU 1 1 1 1 1 1 1 1 1 1 1 1 1 1 1 1 1 1 1 1 1 1 1 1 1 1 1 1 1 1 1 1 1 1 1 1 1 1 1 1
cL 1 1 1 1 1 1 1 1 1 1 1 1 1 1 1 1 1 1 1 1 1 1 1 1 1 1 1 1 1 1 1 1 1 1 1 1 1 1 1 1
iL 24 24 24 24 24 24 24 24 24 24 24 24 24 24 24 24 24 24 24 24 24 24 24 24 24 24 24 24 24 24 24 24 24 24 24 24 24 24 24 24
bU 24
bL 24