p 40 er 0.3 0.15 0.15 1.0 0.6
e 0 5
e 0 13
e 0 19
e 0 24
e 0 30
e 1 7
e 1 19
e 1 21
e 1 24
e 1 25
e 1 30
e 1 36
e 1 37
e 2 7
e 2 8
e 2 11
e 2 14
e 2 20
e 2 22
e 2 27
e 2 29
e 2 35
e 3 4
e 3 7
e 3 8
e 3 9
e 3 10
e 3 18
e 3 19
e 3 25
e 3 27
e 3 30
e 3 33
e 4 13
e 4 16
e 4 22
e 4 36
e 5 9
e 5 11
e 5 13
e 5 14
e 5 22
e 5 32
e 5 33
e 5 34
e 5 36
e 5 37
e 5 39
e 6 8
e 6 11
e 6 13
e 6 16
e 6 23
e 6 34
e 6 36
e 6 38
e 6 39
e 7 8
e 7 13
e 7 17
e 7 18
e 7 20
e 7 21
e 7 24
e 7 27
e 7 28
e 7 35
e 7 36
e 7 37
e 7 39
e 8 9
e 8 13
e 8 21
e 8 27
e 8 31
e 8 33
e 8 37
e 9 10
e 9 13
e 9 15
e 9 18
e 9 23
e 9 24
e 9 25
e 9 26
e 9 29
e 9 31
e 9 36
e 10 12
e 10 13
e 10 14
e 10 17
e 10 23
e 10 25
e 10 28
e 10 29
e 10 30
e 10 31
e 10 35
e 10 37
e 11 12
e 11 13
e 11 14
e 11 16
e 11 23
e 11 25
e 11 27
e 11 30
e 12 16
e 12 19
e 12 21
e 12 22
e 12 23
e 12 30
e 12 32
e 12 34
e 12 39
e 13 20
e 13 21
e 13 29
e 13 32
e 13 35
e 13 37
e 14 18
e 14 21
e 14 25
e 14 26
e 14 27
e 14 33
e 14 36
e 14 38
e 15 16
e 15 24
e 15 26
e 15 27
e 15 29
e 15 30
e 15 31
e 15 33
e 15 35
e 16 17
e 16 18
e 16 25
e 16 27
e 16 30
e 16 36
e 16 38
e 16 39
e 17 18
e 17 30
e 18 24
e 18 26
e 18 28
e 18 32
e 19 26
e 19 28
e 19 29
e 19 32
e 19 37
e 20 22
e 20 23
e 20 28
e 20 29
e 20 30
e 20 31
e 21 23
e 21 24
e 21 25
e 21 26
e 21 31
e 21 33
e 21 37
e 21 38
e 22 25
e 22 30
e 22 32
e 22 34
e 22 35
e 23 24
e 23 27
e 23 30
e 23 34
e 23 37
e 24 25
e 24 34
e 24 36
e 24 37
e 25 26
e 25 28
e 25 29
e 25 37
e 26 33
e 26 37
e 26 38
e 26 39
e 27 28
e 27 29
e 27 30
e 27 39
e 28 31
e 28 33
e 28 34
e 28 37
e 29 32
e 29 33
e 29 34
e 29 35
e 29 36
e 29 37
e 30 31
e 30 33
e 30 35
e 31 36
e 32 33
e 32 37
e 33 38
e 34 37
e 34 39
e 35 37
e 35 38
e 35 39
e 37 38
e 37 39
e 38 39
cU 1 1 1 1 1 1 1 1 1 1 1 1 1 1 1 1 1 1 1 1 1 1 1 1 1 1 1 1 1 1 1 1 1 1 1 1 1 1 1 1
cL 1 1 1 1 1 1 1 1 1 1 1 1 1 1 1 1 1 1 1 1 1 1 1 1 1 1 1 1 1 1 1 1 1 1 1 1 1 1 1 1
iL 24 24 24 24 24 24 24 24 24 24 24 24 24 24 24 24 24 24 24 24 24 24 24 24 24 24 24 24 24 24 24 24 24 24 24 24 24 24 24 24
bU 24
bL 24