p 40 er 0.3 0.2 0.05 1.0 0.6
e 0 4
e 0 6
e 0 7
e 0 13
e 0 19
e 0 24
e 0 26
e 0 30
e 0 32
e 0 37
e 0 38
e 1 5
e 1 6
e 1 9
e 1 10
e 1 12
e 1 13
e 1 16
e 1 17
e 1 24
e 1 27
e 1 30
e 1 33
e 1 35
e 1 36
e 1 37
e 1 39
e 2 14
e 2 18
e 2 20
e 2 25
e 2 28
e 2 31
e 2 32
e 2 33
e 2 39
e 3 9
e 3 10
e 3 13
e 3 16
e 3 19
e 3 21
e 3 24
e 3 27
e 3 34
e 3 37
e 3 39
e 4 6
e 4 11
e 4 14
e 4 15
e 4 17
e 4 19
e 4 23
e 4 24
e 4 25
e 4 26
e 4 31
e 4 34
e 4 36
e 5 6
e 5 7
e 5 9
e 5 11
e 5 18
e 5 19
e 5 21
e 5 29
e 5 31
e 5 35
e 5 36
e 6 14
e 6 22
e 6 27
e 6 30
e 6 32
e 6 35
e 6 36
e 6 37
e 6 38
e 7 9
e 7 11
e 7 14
e 7 16
e 7 18
e 7 19
e 7 20
e 7 23
e 7 26
e 7 33
e 7 38
e 7 39
e 8 9
e 8 11
e 8 19
e 8 20
e 8 26
e 8 27
e 8 31
e 8 32
e 8 35
e 8 38
e 9 10
e 9 13
e 9 14
e 9 16
e 9 17
e 9 19
e 9 22
e 9 26
e 9 28
e 9 30
e 9 31
e 9 35
e 9 36
e 9 37
e 10 11
e 10 12
e 10 13
e 10 20
e 10 27
e 11 15
e 11 19
e 11 30
e 11 31
e 11 35
e 12 14
e 12 25
e 12 26
e 12 29
e 12 32
e 13 15
e 13 17
e 13 18
e 13 22
e 13 23
e 13 27
e 13 35
e 13 37
e 13 38
e 13 39
e 14 16
e 14 20
e 14 25
e 14 26
e 14 28
e 14 33
e 14 35
e 14 37
e 14 39
e 15 17
e 15 20
e 15 22
e 15 23
e 15 26
e 15 29
e 15 32
e 15 34
e 15 38
e 16 17
e 16 20
e 16 21
e 16 30
e 16 32
e 16 34
e 16 37
e 16 39
e 17 23
e 17 24
e 17 25
e 17 28
e 17 32
e 17 33
e 17 35
e 17 37
e 17 39
e 18 19
e 18 21
e 18 24
e 18 25
e 18 29
e 18 35
e 18 36
e 18 39
e 19 26
e 19 28
e 19 32
e 19 35
e 19 37
e 19 38
e 20 21
e 20 23
e 20 26
e 20 29
e 20 31
e 20 34
e 20 37
e 21 22
e 21 23
e 21 24
e 21 27
e 21 33
e 21 36
e 21 37
e 22 28
e 22 29
e 22 30
e 22 34
e 23 35
e 23 37
e 23 38
e 23 39
e 24 25
e 24 27
e 24 32
e 25 27
e 25 31
e 25 37
e 25 38
e 26 27
e 26 33
e 26 34
e 26 36
e 26 38
e 26 39
e 27 29
e 27 31
e 27 33
e 27 36
e 28 32
e 29 32
e 29 36
e 30 33
e 30 37
e 31 32
e 31 33
e 31 36
e 32 33
e 33 35
e 33 37
e 33 39
e 35 36
e 35 38
cU 1 1 1 1 1 1 1 1 1 1 1 1 1 1 1 1 1 1 1 1 1 1 1 1 1 1 1 1 1 1 1 1 1 1 1 1 1 1 1 1
cL 1 1 1 1 1 1 1 1 1 1 1 1 1 1 1 1 1 1 1 1 1 1 1 1 1 1 1 1 1 1 1 1 1 1 1 1 1 1 1 1
iL 24 24 24 24 24 24 24 24 24 24 24 24 24 24 24 24 24 24 24 24 24 24 24 24 24 24 24 24 24 24 24 24 24 24 24 24 24 24 24 24
bU 24
bL 24