p 40 er 0.3 0.4 0.15 1.0 0.6
e 0 2
e 0 3
e 0 5
e 0 7
e 0 8
e 0 9
e 0 14
e 0 17
e 0 18
e 0 19
e 0 21
e 0 22
e 0 24
e 0 28
e 0 31
e 0 32
e 0 34
e 1 4
e 1 6
e 1 11
e 1 14
e 1 17
e 1 18
e 1 22
e 1 23
e 1 28
e 1 29
e 1 32
e 1 35
e 1 36
e 1 38
e 2 4
e 2 5
e 2 6
e 2 10
e 2 11
e 2 16
e 2 23
e 2 24
e 2 26
e 2 27
e 2 37
e 3 4
e 3 6
e 3 8
e 3 12
e 3 14
e 3 20
e 3 22
e 3 24
e 3 30
e 3 31
e 3 32
e 3 37
e 3 38
e 4 8
e 4 9
e 4 10
e 4 13
e 4 17
e 4 18
e 4 23
e 4 25
e 4 36
e 4 37
e 4 38
e 5 6
e 5 10
e 5 11
e 5 14
e 5 16
e 5 21
e 5 23
e 5 24
e 5 30
e 5 32
e 5 33
e 5 34
e 6 11
e 6 12
e 6 13
e 6 14
e 6 22
e 6 23
e 6 28
e 6 30
e 6 32
e 6 33
e 6 36
e 7 11
e 7 14
e 7 16
e 7 18
e 7 22
e 7 24
e 7 36
e 7 38
e 8 10
e 8 11
e 8 21
e 8 22
e 8 27
e 8 28
e 8 29
e 8 30
e 8 34
e 8 37
e 8 39
e 9 12
e 9 14
e 9 15
e 9 16
e 9 17
e 9 19
e 9 22
e 9 26
e 9 27
e 9 28
e 10 11
e 10 12
e 10 13
e 10 16
e 10 24
e 10 28
e 10 29
e 10 37
e 10 38
e 11 12
e 11 19
e 11 23
e 11 24
e 11 28
e 11 29
e 11 31
e 11 34
e 11 35
e 11 38
e 11 39
e 12 21
e 12 27
e 12 30
e 12 32
e 12 34
e 12 39
e 13 16
e 13 19
e 13 32
e 13 33
e 13 36
e 14 15
e 14 18
e 14 21
e 14 22
e 14 26
e 14 30
e 14 31
e 14 32
e 14 36
e 14 37
e 14 39
e 15 19
e 15 20
e 15 21
e 15 22
e 15 30
e 15 34
e 15 37
e 15 38
e 16 17
e 16 19
e 16 22
e 16 23
e 16 25
e 16 33
e 16 36
e 16 38
e 16 39
e 17 18
e 17 20
e 17 23
e 17 26
e 17 29
e 17 31
e 17 32
e 17 36
e 17 38
e 18 22
e 18 26
e 18 29
e 18 30
e 18 31
e 18 33
e 18 34
e 18 37
e 18 39
e 19 20
e 19 24
e 19 26
e 19 27
e 19 30
e 19 35
e 19 38
e 19 39
e 20 21
e 20 26
e 20 31
e 20 34
e 20 35
e 20 37
e 20 38
e 20 39
e 21 29
e 21 31
e 21 34
e 21 36
e 21 38
e 22 30
e 22 32
e 22 38
e 23 24
e 23 27
e 23 29
e 23 32
e 23 35
e 23 39
e 24 25
e 24 29
e 24 31
e 24 32
e 24 34
e 24 39
e 25 27
e 25 29
e 25 31
e 25 34
e 25 38
e 25 39
e 26 28
e 26 33
e 27 31
e 27 35
e 27 39
e 28 29
e 28 35
e 28 36
e 28 38
e 28 39
e 29 30
e 29 32
e 29 33
e 29 35
e 29 37
e 29 38
e 30 32
e 30 34
e 30 37
e 30 38
e 30 39
e 31 32
e 31 33
e 31 35
e 31 37
e 31 39
e 32 33
e 32 36
e 33 35
e 33 37
e 33 38
e 34 35
e 34 37
e 35 37
e 35 38
e 36 37
e 36 38
cU 1 1 1 1 1 1 1 1 1 1 1 1 1 1 1 1 1 1 1 1 1 1 1 1 1 1 1 1 1 1 1 1 1 1 1 1 1 1 1 1
cL 1 1 1 1 1 1 1 1 1 1 1 1 1 1 1 1 1 1 1 1 1 1 1 1 1 1 1 1 1 1 1 1 1 1 1 1 1 1 1 1
iL 24 24 24 24 24 24 24 24 24 24 24 24 24 24 24 24 24 24 24 24 24 24 24 24 24 24 24 24 24 24 24 24 24 24 24 24 24 24 24 24
bU 24
bL 24