p 40 er 0.3 0.4 0.15 1.0 0.6
e 0 2
e 0 6
e 0 7
e 0 9
e 0 10
e 0 15
e 0 17
e 0 21
e 0 27
e 0 28
e 0 32
e 0 34
e 0 35
e 0 39
e 1 2
e 1 6
e 1 10
e 1 14
e 1 20
e 1 21
e 1 22
e 1 23
e 1 24
e 1 27
e 1 29
e 1 35
e 1 36
e 1 37
e 2 3
e 2 5
e 2 7
e 2 8
e 2 9
e 2 11
e 2 12
e 2 25
e 2 26
e 2 28
e 2 30
e 2 31
e 2 35
e 3 6
e 3 12
e 3 23
e 3 26
e 3 27
e 3 28
e 3 31
e 3 34
e 3 39
e 4 8
e 4 12
e 4 15
e 4 19
e 4 27
e 4 28
e 4 33
e 5 14
e 5 15
e 5 16
e 5 18
e 5 21
e 5 23
e 5 24
e 5 30
e 5 31
e 5 34
e 5 39
e 6 10
e 6 16
e 6 17
e 6 19
e 6 20
e 6 26
e 6 30
e 6 32
e 6 34
e 6 39
e 7 10
e 7 11
e 7 13
e 7 17
e 7 19
e 7 22
e 7 23
e 7 26
e 7 31
e 7 32
e 7 34
e 7 35
e 7 37
e 7 38
e 7 39
e 8 12
e 8 17
e 8 22
e 8 25
e 8 29
e 8 30
e 8 32
e 8 36
e 8 37
e 8 38
e 9 13
e 9 14
e 9 15
e 9 22
e 9 27
e 9 29
e 9 30
e 9 34
e 9 37
e 10 13
e 10 17
e 10 18
e 10 19
e 10 20
e 10 21
e 10 22
e 10 24
e 10 35
e 11 13
e 11 15
e 11 27
e 11 28
e 11 30
e 11 31
e 11 32
e 11 33
e 12 15
e 12 20
e 12 22
e 12 23
e 12 26
e 12 33
e 12 34
e 12 35
e 12 39
e 13 14
e 13 20
e 13 21
e 13 26
e 13 27
e 13 28
e 13 31
e 13 32
e 13 34
e 14 19
e 14 22
e 14 24
e 14 28
e 14 29
e 14 32
e 14 33
e 14 38
e 15 17
e 15 18
e 15 21
e 15 26
e 15 27
e 15 28
e 15 29
e 15 30
e 15 31
e 15 32
e 15 35
e 15 36
e 15 37
e 15 38
e 16 18
e 16 19
e 16 29
e 16 32
e 16 33
e 16 36
e 17 21
e 17 23
e 17 24
e 17 27
e 17 31
e 17 37
e 17 38
e 18 19
e 18 32
e 18 33
e 18 38
e 19 21
e 19 22
e 19 23
e 19 24
e 19 25
e 19 26
e 19 27
e 19 36
e 20 24
e 20 25
e 20 28
e 20 29
e 20 38
e 21 22
e 21 25
e 21 26
e 21 27
e 21 30
e 21 32
e 21 33
e 22 25
e 22 26
e 22 28
e 22 32
e 22 33
e 22 37
e 23 30
e 23 32
e 23 35
e 23 37
e 24 26
e 24 28
e 24 30
e 24 38
e 25 34
e 25 35
e 25 38
e 26 28
e 26 33
e 26 37
e 27 30
e 27 31
e 27 34
e 27 36
e 27 37
e 28 33
e 28 34
e 28 35
e 28 38
e 29 33
e 29 37
e 29 38
e 30 31
e 30 32
e 30 35
e 30 38
e 31 32
e 32 39
e 33 38
e 33 39
e 35 39
e 36 39
e 37 38
e 37 39
cU 1 1 1 1 1 1 1 1 1 1 1 1 1 1 1 1 1 1 1 1 1 1 1 1 1 1 1 1 1 1 1 1 1 1 1 1 1 1 1 1
cL 1 1 1 1 1 1 1 1 1 1 1 1 1 1 1 1 1 1 1 1 1 1 1 1 1 1 1 1 1 1 1 1 1 1 1 1 1 1 1 1
iL 24 24 24 24 24 24 24 24 24 24 24 24 24 24 24 24 24 24 24 24 24 24 24 24 24 24 24 24 24 24 24 24 24 24 24 24 24 24 24 24
bU 24
bL 24