p 40 er 0.3 0.2 0.05 1.0 0.6
e 0 2
e 0 11
e 0 12
e 0 13
e 0 14
e 0 19
e 0 23
e 0 24
e 0 31
e 1 3
e 1 10
e 1 11
e 1 17
e 1 24
e 1 25
e 1 28
e 1 31
e 1 39
e 2 3
e 2 8
e 2 9
e 2 13
e 2 24
e 2 26
e 2 29
e 2 30
e 2 36
e 3 6
e 3 9
e 3 14
e 3 15
e 3 20
e 3 22
e 3 30
e 3 31
e 3 34
e 3 35
e 3 38
e 4 5
e 4 6
e 4 8
e 4 18
e 4 23
e 4 26
e 4 27
e 4 35
e 4 36
e 4 37
e 5 7
e 5 9
e 5 10
e 5 12
e 5 17
e 5 18
e 5 19
e 5 23
e 5 24
e 5 25
e 5 27
e 5 30
e 5 31
e 5 32
e 5 35
e 6 7
e 6 8
e 6 11
e 6 12
e 6 15
e 6 16
e 6 18
e 6 20
e 6 27
e 6 35
e 6 39
e 7 10
e 7 11
e 7 14
e 7 24
e 7 28
e 7 32
e 7 36
e 8 10
e 8 11
e 8 14
e 8 16
e 8 18
e 8 23
e 8 24
e 8 25
e 8 28
e 8 29
e 8 34
e 9 11
e 9 12
e 9 13
e 9 16
e 9 18
e 9 23
e 9 29
e 9 32
e 9 37
e 10 16
e 10 21
e 10 22
e 10 26
e 10 29
e 10 31
e 11 13
e 11 15
e 11 28
e 11 29
e 11 30
e 11 32
e 11 33
e 11 37
e 12 13
e 12 14
e 12 15
e 12 17
e 12 20
e 12 21
e 12 26
e 12 27
e 12 30
e 12 31
e 12 32
e 12 33
e 12 34
e 12 35
e 12 38
e 13 21
e 13 24
e 13 29
e 13 36
e 14 15
e 14 19
e 14 20
e 14 21
e 14 23
e 14 26
e 14 28
e 15 17
e 15 18
e 15 19
e 15 21
e 15 23
e 15 24
e 15 25
e 15 26
e 15 33
e 15 36
e 15 37
e 16 19
e 16 21
e 16 23
e 16 28
e 16 29
e 16 38
e 17 18
e 17 23
e 17 28
e 17 30
e 17 34
e 17 35
e 17 38
e 18 22
e 18 23
e 18 24
e 18 31
e 18 33
e 18 34
e 19 21
e 19 23
e 19 27
e 19 28
e 19 30
e 19 33
e 20 21
e 20 23
e 20 24
e 20 28
e 20 36
e 21 24
e 21 25
e 21 27
e 22 23
e 22 24
e 23 26
e 23 33
e 23 35
e 23 38
e 24 25
e 24 28
e 24 29
e 24 33
e 24 34
e 24 37
e 24 38
e 24 39
e 25 26
e 25 30
e 25 31
e 25 32
e 25 35
e 25 37
e 25 38
e 26 29
e 26 30
e 26 31
e 26 36
e 26 37
e 26 39
e 27 32
e 27 33
e 28 30
e 28 33
e 28 36
e 28 38
e 28 39
e 29 31
e 29 34
e 29 39
e 30 34
e 31 38
e 32 33
e 32 34
e 32 36
e 34 35
e 35 37
e 36 38
e 38 39
cU 1 1 1 1 1 1 1 1 1 1 1 1 1 1 1 1 1 1 1 1 1 1 1 1 1 1 1 1 1 1 1 1 1 1 1 1 1 1 1 1
cL 1 1 1 1 1 1 1 1 1 1 1 1 1 1 1 1 1 1 1 1 1 1 1 1 1 1 1 1 1 1 1 1 1 1 1 1 1 1 1 1
iL 24 24 24 24 24 24 24 24 24 24 24 24 24 24 24 24 24 24 24 24 24 24 24 24 24 24 24 24 24 24 24 24 24 24 24 24 24 24 24 24
bU 24
bL 24