p 40 er 0.3 0.15 0.15 1.0 0.6
e 0 4
e 0 10
e 0 19
e 0 21
e 0 22
e 0 25
e 0 26
e 0 28
e 0 38
e 1 2
e 1 4
e 1 5
e 1 7
e 1 10
e 1 11
e 1 13
e 1 14
e 1 16
e 1 18
e 1 19
e 1 20
e 1 22
e 1 26
e 2 4
e 2 13
e 2 17
e 2 18
e 2 19
e 2 21
e 2 26
e 2 27
e 2 29
e 2 31
e 2 34
e 2 39
e 3 12
e 3 13
e 3 17
e 3 19
e 3 20
e 3 26
e 3 29
e 3 35
e 3 38
e 4 7
e 4 12
e 4 13
e 4 16
e 4 18
e 4 22
e 4 23
e 4 27
e 4 28
e 4 30
e 4 34
e 4 36
e 4 38
e 5 8
e 5 11
e 5 13
e 5 19
e 5 21
e 5 25
e 5 27
e 5 30
e 5 31
e 5 32
e 5 34
e 5 35
e 5 36
e 5 38
e 5 39
e 6 9
e 6 24
e 6 25
e 6 27
e 6 38
e 7 15
e 7 17
e 7 18
e 7 20
e 7 25
e 7 26
e 7 29
e 7 30
e 7 31
e 7 39
e 8 14
e 8 19
e 8 22
e 8 24
e 8 25
e 8 26
e 8 29
e 8 31
e 8 34
e 9 10
e 9 11
e 9 12
e 9 16
e 9 17
e 9 18
e 9 22
e 9 31
e 9 32
e 9 34
e 9 35
e 9 37
e 9 39
e 10 20
e 10 21
e 10 38
e 11 14
e 11 15
e 11 17
e 11 24
e 11 25
e 11 27
e 11 35
e 11 36
e 12 14
e 12 15
e 12 17
e 12 21
e 12 24
e 12 27
e 12 36
e 12 37
e 13 17
e 13 21
e 13 27
e 13 28
e 13 29
e 13 33
e 13 37
e 13 38
e 14 18
e 14 20
e 14 21
e 14 22
e 14 26
e 14 28
e 14 29
e 14 32
e 14 36
e 15 19
e 15 29
e 15 30
e 15 35
e 15 38
e 16 26
e 16 28
e 16 29
e 16 31
e 16 35
e 17 21
e 17 29
e 17 31
e 17 34
e 17 38
e 18 20
e 18 21
e 18 23
e 18 25
e 18 26
e 18 27
e 18 31
e 18 32
e 18 33
e 18 35
e 19 20
e 19 22
e 19 26
e 19 34
e 19 37
e 19 39
e 20 31
e 20 35
e 20 36
e 20 38
e 20 39
e 21 23
e 21 30
e 21 31
e 21 33
e 21 37
e 21 38
e 21 39
e 22 23
e 22 27
e 22 30
e 22 35
e 22 36
e 22 38
e 22 39
e 23 25
e 23 26
e 23 27
e 23 28
e 23 32
e 23 35
e 24 25
e 24 28
e 24 29
e 24 31
e 24 36
e 24 37
e 25 29
e 25 35
e 25 36
e 25 37
e 25 38
e 26 29
e 27 28
e 27 31
e 27 33
e 27 35
e 28 33
e 28 34
e 28 35
e 28 36
e 28 37
e 28 39
e 29 32
e 29 33
e 29 35
e 30 35
e 31 36
e 31 38
e 32 37
e 32 38
e 33 37
e 34 35
e 35 39
e 38 39
cU 1 1 1 1 1 1 1 1 1 1 1 1 1 1 1 1 1 1 1 1 1 1 1 1 1 1 1 1 1 1 1 1 1 1 1 1 1 1 1 1
cL 1 1 1 1 1 1 1 1 1 1 1 1 1 1 1 1 1 1 1 1 1 1 1 1 1 1 1 1 1 1 1 1 1 1 1 1 1 1 1 1
iL 24 24 24 24 24 24 24 24 24 24 24 24 24 24 24 24 24 24 24 24 24 24 24 24 24 24 24 24 24 24 24 24 24 24 24 24 24 24 24 24
bU 24
bL 24