p 40 er 0.3 0.1 0.15 1.0 0.6
e 0 2
e 0 3
e 0 4
e 0 9
e 0 16
e 0 17
e 0 22
e 0 23
e 0 24
e 0 36
e 1 2
e 1 4
e 1 5
e 1 13
e 1 16
e 1 17
e 1 24
e 1 26
e 1 33
e 1 34
e 1 37
e 2 5
e 2 9
e 2 12
e 2 13
e 2 15
e 2 26
e 3 4
e 3 5
e 3 6
e 3 8
e 3 21
e 3 24
e 3 27
e 3 29
e 3 31
e 3 34
e 3 36
e 4 12
e 4 13
e 4 18
e 4 23
e 4 26
e 4 27
e 4 28
e 4 33
e 4 35
e 4 38
e 5 12
e 5 14
e 5 15
e 5 18
e 5 22
e 5 24
e 5 32
e 5 33
e 5 34
e 5 35
e 6 14
e 6 18
e 6 20
e 6 21
e 6 24
e 6 27
e 6 29
e 6 35
e 6 37
e 6 39
e 7 8
e 7 14
e 7 15
e 7 18
e 7 19
e 7 20
e 7 21
e 7 28
e 7 29
e 7 30
e 7 32
e 7 33
e 7 37
e 8 9
e 8 14
e 8 15
e 8 21
e 8 28
e 8 33
e 8 36
e 9 17
e 9 18
e 9 20
e 9 22
e 9 23
e 9 25
e 9 32
e 9 33
e 9 34
e 9 37
e 9 39
e 10 13
e 10 16
e 10 17
e 10 18
e 10 19
e 10 22
e 10 23
e 10 24
e 10 25
e 10 26
e 10 28
e 10 32
e 10 38
e 11 12
e 11 13
e 11 19
e 11 22
e 11 26
e 11 32
e 11 35
e 12 18
e 12 21
e 12 29
e 12 32
e 12 33
e 12 34
e 13 17
e 13 18
e 13 19
e 13 22
e 13 25
e 13 27
e 13 33
e 13 34
e 13 35
e 13 38
e 14 17
e 14 21
e 14 22
e 14 24
e 14 26
e 14 32
e 14 33
e 14 34
e 14 35
e 15 16
e 15 17
e 15 19
e 15 20
e 15 23
e 15 24
e 15 29
e 15 30
e 15 35
e 15 37
e 16 17
e 16 21
e 16 22
e 16 24
e 16 27
e 16 30
e 16 31
e 16 36
e 17 19
e 17 22
e 17 25
e 17 26
e 17 29
e 17 31
e 17 32
e 17 33
e 17 36
e 18 19
e 18 21
e 18 27
e 18 29
e 18 30
e 18 33
e 18 34
e 18 37
e 19 24
e 19 25
e 19 30
e 19 32
e 19 34
e 20 21
e 20 33
e 20 34
e 20 36
e 20 37
e 21 24
e 21 25
e 21 28
e 21 37
e 21 38
e 21 39
e 22 25
e 22 34
e 22 36
e 23 24
e 23 28
e 23 29
e 23 33
e 23 36
e 23 39
e 24 27
e 24 28
e 24 31
e 24 33
e 24 34
e 24 35
e 24 36
e 24 38
e 25 26
e 25 31
e 25 37
e 25 39
e 26 27
e 26 29
e 26 31
e 26 33
e 26 36
e 27 28
e 27 38
e 28 29
e 28 33
e 28 35
e 28 36
e 28 37
e 29 31
e 29 33
e 30 31
e 31 32
e 31 33
e 31 34
e 31 38
e 32 34
e 32 35
e 32 36
e 32 37
e 32 39
e 33 34
e 33 35
e 33 38
e 35 39
e 38 39
cU 1 1 1 1 1 1 1 1 1 1 1 1 1 1 1 1 1 1 1 1 1 1 1 1 1 1 1 1 1 1 1 1 1 1 1 1 1 1 1 1
cL 1 1 1 1 1 1 1 1 1 1 1 1 1 1 1 1 1 1 1 1 1 1 1 1 1 1 1 1 1 1 1 1 1 1 1 1 1 1 1 1
iL 24 24 24 24 24 24 24 24 24 24 24 24 24 24 24 24 24 24 24 24 24 24 24 24 24 24 24 24 24 24 24 24 24 24 24 24 24 24 24 24
bU 24
bL 24