p 40 er 0.3 0.15 0.15 1.0 0.6
e 0 11
e 0 12
e 0 14
e 0 15
e 0 16
e 0 19
e 0 21
e 0 26
e 0 30
e 0 31
e 0 32
e 0 33
e 0 35
e 0 38
e 1 4
e 1 5
e 1 8
e 1 13
e 1 16
e 1 22
e 1 24
e 1 25
e 1 27
e 1 28
e 1 37
e 2 5
e 2 6
e 2 8
e 2 10
e 2 13
e 2 16
e 2 21
e 2 22
e 2 25
e 2 27
e 2 30
e 2 31
e 3 5
e 3 7
e 3 8
e 3 15
e 3 21
e 3 27
e 3 29
e 3 30
e 3 32
e 3 33
e 3 34
e 3 37
e 3 39
e 4 5
e 4 9
e 4 12
e 4 21
e 4 22
e 4 25
e 4 30
e 4 31
e 4 33
e 4 37
e 5 6
e 5 8
e 5 11
e 5 12
e 5 20
e 5 21
e 5 24
e 5 29
e 5 30
e 6 7
e 6 8
e 6 11
e 6 12
e 6 13
e 6 19
e 6 20
e 6 23
e 6 25
e 6 27
e 6 32
e 6 36
e 7 9
e 7 11
e 7 18
e 7 19
e 7 23
e 7 26
e 7 27
e 7 29
e 7 36
e 8 9
e 8 13
e 8 15
e 8 17
e 8 19
e 8 23
e 8 24
e 8 25
e 8 27
e 8 33
e 9 10
e 9 20
e 9 23
e 9 30
e 10 15
e 10 20
e 10 23
e 10 24
e 10 26
e 10 27
e 10 33
e 10 34
e 10 37
e 11 12
e 11 13
e 11 15
e 11 16
e 11 23
e 11 25
e 11 26
e 11 27
e 11 28
e 11 29
e 11 34
e 11 38
e 11 39
e 12 15
e 12 24
e 12 33
e 12 39
e 13 16
e 13 19
e 13 26
e 13 28
e 13 32
e 13 33
e 13 34
e 13 35
e 14 17
e 14 20
e 14 23
e 15 16
e 15 22
e 15 24
e 15 29
e 15 31
e 15 36
e 16 21
e 16 24
e 16 29
e 16 30
e 16 31
e 16 33
e 16 35
e 16 38
e 17 20
e 17 22
e 17 23
e 17 28
e 17 30
e 17 36
e 17 39
e 18 19
e 18 20
e 18 22
e 18 26
e 18 27
e 18 29
e 18 31
e 18 32
e 18 35
e 18 37
e 19 22
e 19 24
e 19 31
e 19 32
e 20 22
e 20 23
e 20 26
e 20 31
e 20 35
e 21 22
e 21 25
e 21 27
e 21 31
e 21 33
e 21 34
e 21 37
e 21 39
e 22 23
e 22 30
e 22 32
e 22 34
e 22 36
e 23 25
e 23 26
e 23 37
e 24 27
e 24 29
e 24 34
e 24 35
e 24 36
e 24 37
e 25 27
e 25 29
e 25 37
e 25 38
e 26 27
e 26 35
e 26 37
e 26 38
e 27 30
e 27 31
e 27 33
e 27 35
e 28 29
e 28 30
e 28 34
e 28 35
e 28 38
e 29 30
e 29 32
e 29 33
e 29 36
e 29 37
e 29 38
e 30 37
e 30 39
e 31 35
e 31 38
e 32 33
e 32 38
e 32 39
e 33 34
e 33 38
e 34 35
e 34 37
e 35 36
e 35 38
e 38 39
cU 1 1 1 1 1 1 1 1 1 1 1 1 1 1 1 1 1 1 1 1 1 1 1 1 1 1 1 1 1 1 1 1 1 1 1 1 1 1 1 1
cL 1 1 1 1 1 1 1 1 1 1 1 1 1 1 1 1 1 1 1 1 1 1 1 1 1 1 1 1 1 1 1 1 1 1 1 1 1 1 1 1
iL 24 24 24 24 24 24 24 24 24 24 24 24 24 24 24 24 24 24 24 24 24 24 24 24 24 24 24 24 24 24 24 24 24 24 24 24 24 24 24 24
bU 24
bL 24