p 40 er 0.3 0.4 0.15 1.0 0.6
e 0 4
e 0 6
e 0 7
e 0 10
e 0 15
e 0 16
e 0 17
e 0 20
e 0 22
e 0 24
e 0 30
e 0 32
e 0 33
e 1 8
e 1 14
e 1 18
e 1 21
e 1 23
e 1 24
e 1 26
e 1 36
e 1 38
e 1 39
e 2 3
e 2 10
e 2 13
e 2 18
e 2 20
e 2 21
e 2 26
e 2 32
e 2 35
e 2 37
e 3 4
e 3 11
e 3 15
e 3 16
e 3 20
e 3 23
e 3 28
e 3 29
e 3 30
e 3 33
e 3 34
e 3 35
e 3 37
e 3 38
e 4 6
e 4 9
e 4 12
e 4 16
e 4 17
e 4 22
e 4 23
e 4 24
e 4 25
e 4 32
e 4 34
e 4 35
e 5 6
e 5 7
e 5 10
e 5 11
e 5 12
e 5 13
e 5 17
e 5 18
e 5 22
e 5 24
e 5 38
e 6 14
e 6 15
e 6 22
e 6 33
e 6 34
e 6 39
e 7 14
e 7 15
e 7 16
e 7 17
e 7 21
e 7 22
e 7 24
e 7 33
e 7 36
e 7 37
e 8 11
e 8 13
e 8 15
e 8 19
e 8 20
e 8 25
e 8 28
e 8 30
e 8 32
e 8 34
e 8 35
e 8 38
e 8 39
e 9 10
e 9 13
e 9 18
e 9 21
e 9 27
e 9 30
e 9 32
e 9 33
e 9 34
e 9 35
e 9 39
e 10 11
e 10 12
e 10 22
e 10 30
e 10 36
e 11 19
e 11 20
e 11 21
e 11 35
e 11 37
e 12 14
e 12 17
e 12 19
e 12 21
e 12 28
e 12 36
e 13 18
e 13 22
e 13 25
e 13 30
e 13 31
e 14 20
e 14 21
e 14 23
e 14 25
e 14 26
e 14 28
e 14 34
e 14 35
e 15 25
e 15 26
e 15 27
e 15 29
e 15 32
e 15 38
e 16 17
e 16 32
e 16 33
e 16 35
e 16 37
e 16 38
e 16 39
e 17 23
e 17 24
e 17 25
e 17 30
e 17 31
e 17 32
e 17 35
e 17 36
e 18 20
e 18 21
e 18 22
e 18 24
e 18 28
e 18 30
e 18 34
e 18 35
e 18 38
e 18 39
e 19 23
e 19 26
e 19 30
e 19 33
e 19 37
e 20 21
e 20 28
e 20 31
e 20 34
e 20 36
e 21 26
e 21 31
e 21 33
e 22 24
e 22 27
e 22 29
e 22 30
e 22 31
e 22 33
e 22 38
e 23 28
e 23 29
e 23 31
e 23 39
e 24 36
e 24 37
e 25 27
e 25 29
e 25 30
e 25 36
e 25 39
e 26 31
e 26 32
e 26 37
e 27 28
e 27 31
e 27 37
e 27 38
e 27 39
e 28 29
e 28 32
e 28 33
e 28 34
e 28 36
e 28 37
e 28 39
e 29 30
e 29 31
e 29 32
e 29 36
e 29 37
e 30 35
e 30 36
e 30 38
e 31 35
e 31 38
e 32 33
e 32 35
e 32 36
e 32 38
e 33 36
e 33 37
e 34 37
e 34 38
e 34 39
e 35 36
e 35 37
e 35 38
e 37 39
cU 1 1 1 1 1 1 1 1 1 1 1 1 1 1 1 1 1 1 1 1 1 1 1 1 1 1 1 1 1 1 1 1 1 1 1 1 1 1 1 1
cL 1 1 1 1 1 1 1 1 1 1 1 1 1 1 1 1 1 1 1 1 1 1 1 1 1 1 1 1 1 1 1 1 1 1 1 1 1 1 1 1
iL 24 24 24 24 24 24 24 24 24 24 24 24 24 24 24 24 24 24 24 24 24 24 24 24 24 24 24 24 24 24 24 24 24 24 24 24 24 24 24 24
bU 24
bL 24