p 40 er 0.3 0.1 0.15 1.0 0.6
e 0 2
e 0 6
e 0 9
e 0 12
e 0 13
e 0 14
e 0 17
e 0 20
e 0 23
e 0 27
e 0 30
e 0 31
e 0 35
e 0 38
e 1 3
e 1 5
e 1 6
e 1 11
e 1 12
e 1 14
e 1 16
e 1 17
e 1 19
e 1 23
e 1 24
e 1 25
e 1 33
e 1 35
e 1 36
e 1 37
e 2 5
e 2 8
e 2 15
e 2 20
e 2 26
e 2 32
e 2 34
e 2 37
e 3 11
e 3 17
e 3 23
e 3 25
e 3 26
e 3 29
e 3 30
e 3 36
e 3 37
e 3 38
e 4 6
e 4 9
e 4 14
e 4 16
e 4 24
e 4 25
e 4 30
e 4 32
e 4 33
e 4 34
e 5 7
e 5 8
e 5 9
e 5 11
e 5 14
e 5 15
e 5 18
e 5 25
e 5 27
e 5 30
e 5 37
e 5 38
e 6 8
e 6 9
e 6 11
e 6 18
e 6 19
e 6 22
e 6 23
e 6 28
e 6 29
e 6 30
e 6 34
e 6 37
e 6 39
e 7 9
e 7 13
e 7 15
e 7 17
e 7 21
e 7 25
e 7 30
e 7 32
e 7 37
e 8 10
e 8 11
e 8 13
e 8 14
e 8 25
e 8 26
e 8 31
e 8 33
e 8 34
e 8 36
e 9 12
e 9 15
e 9 21
e 9 29
e 9 35
e 9 36
e 10 13
e 10 15
e 10 19
e 10 21
e 10 27
e 10 28
e 10 31
e 10 36
e 10 37
e 10 38
e 11 15
e 11 17
e 11 19
e 11 21
e 11 22
e 11 23
e 11 26
e 11 30
e 11 31
e 11 36
e 11 38
e 12 16
e 12 17
e 12 20
e 12 21
e 12 23
e 12 25
e 12 30
e 12 33
e 12 35
e 12 38
e 12 39
e 13 17
e 13 19
e 13 26
e 13 28
e 13 29
e 13 34
e 13 36
e 14 16
e 14 18
e 14 23
e 14 24
e 14 27
e 14 32
e 15 16
e 15 17
e 15 19
e 15 20
e 15 23
e 15 24
e 15 26
e 15 35
e 15 38
e 16 20
e 16 22
e 16 25
e 16 30
e 16 33
e 16 34
e 17 18
e 17 26
e 17 34
e 17 35
e 18 34
e 18 37
e 19 20
e 19 21
e 19 23
e 19 24
e 19 25
e 19 28
e 19 29
e 19 37
e 19 38
e 20 22
e 20 23
e 20 26
e 20 31
e 20 38
e 20 39
e 21 23
e 21 29
e 21 32
e 21 36
e 22 27
e 22 28
e 22 36
e 22 37
e 22 38
e 23 24
e 23 25
e 23 26
e 23 27
e 23 29
e 23 30
e 23 31
e 23 34
e 23 37
e 23 39
e 24 28
e 24 29
e 24 34
e 24 36
e 24 37
e 25 27
e 25 28
e 25 34
e 25 37
e 26 30
e 26 33
e 27 30
e 27 34
e 27 36
e 27 37
e 28 29
e 28 32
e 28 33
e 28 35
e 28 38
e 29 32
e 29 33
e 29 35
e 29 36
e 30 31
e 30 32
e 30 33
e 30 35
e 31 33
e 31 35
e 31 37
e 32 35
e 32 37
e 32 38
e 33 34
e 33 36
e 33 37
e 33 39
e 35 39
e 37 39
e 38 39
cU 1 1 1 1 1 1 1 1 1 1 1 1 1 1 1 1 1 1 1 1 1 1 1 1 1 1 1 1 1 1 1 1 1 1 1 1 1 1 1 1
cL 1 1 1 1 1 1 1 1 1 1 1 1 1 1 1 1 1 1 1 1 1 1 1 1 1 1 1 1 1 1 1 1 1 1 1 1 1 1 1 1
iL 24 24 24 24 24 24 24 24 24 24 24 24 24 24 24 24 24 24 24 24 24 24 24 24 24 24 24 24 24 24 24 24 24 24 24 24 24 24 24 24
bU 24
bL 24