p 40 er 0.3 0.4 0.15 1.0 0.6
e 0 3
e 0 7
e 0 9
e 0 11
e 0 19
e 0 21
e 0 28
e 1 3
e 1 4
e 1 5
e 1 6
e 1 10
e 1 12
e 1 13
e 1 14
e 1 15
e 1 20
e 1 21
e 1 24
e 1 25
e 1 31
e 1 32
e 1 34
e 1 38
e 2 6
e 2 7
e 2 8
e 2 12
e 2 15
e 2 17
e 2 22
e 2 23
e 2 24
e 2 26
e 2 27
e 2 30
e 2 38
e 2 39
e 3 7
e 3 8
e 3 9
e 3 10
e 3 14
e 3 18
e 3 22
e 3 30
e 3 35
e 3 38
e 3 39
e 4 6
e 4 9
e 4 11
e 4 21
e 4 24
e 4 25
e 4 29
e 4 32
e 4 37
e 4 38
e 5 11
e 5 16
e 5 19
e 5 20
e 5 26
e 5 27
e 5 29
e 5 35
e 5 36
e 5 39
e 6 7
e 6 8
e 6 9
e 6 11
e 6 13
e 6 14
e 6 18
e 6 27
e 6 29
e 6 32
e 6 34
e 7 19
e 7 22
e 7 24
e 7 25
e 7 27
e 7 32
e 7 34
e 7 35
e 7 37
e 8 18
e 8 21
e 8 34
e 8 36
e 8 39
e 9 11
e 9 17
e 9 23
e 9 24
e 9 25
e 9 26
e 9 27
e 9 28
e 9 30
e 9 36
e 9 37
e 10 13
e 10 16
e 10 26
e 10 31
e 10 34
e 10 35
e 10 36
e 10 38
e 11 13
e 11 17
e 11 24
e 11 25
e 11 26
e 11 32
e 11 35
e 11 36
e 11 37
e 11 38
e 12 17
e 12 23
e 12 26
e 12 29
e 12 31
e 12 36
e 12 37
e 13 14
e 13 17
e 13 18
e 13 19
e 13 22
e 13 23
e 13 24
e 13 27
e 13 30
e 14 18
e 14 20
e 14 22
e 14 24
e 14 32
e 14 37
e 14 38
e 15 17
e 15 18
e 15 24
e 15 25
e 15 29
e 15 33
e 15 36
e 16 18
e 16 21
e 16 25
e 16 33
e 16 35
e 16 37
e 16 38
e 16 39
e 17 20
e 17 21
e 17 23
e 17 27
e 17 30
e 17 31
e 17 37
e 18 23
e 18 25
e 18 27
e 18 28
e 18 31
e 18 33
e 18 39
e 19 20
e 19 22
e 19 23
e 19 24
e 19 26
e 19 35
e 19 37
e 19 38
e 20 21
e 20 23
e 20 28
e 20 29
e 20 30
e 20 32
e 20 35
e 20 37
e 21 23
e 21 26
e 21 29
e 21 30
e 21 32
e 21 33
e 21 36
e 22 26
e 22 28
e 22 30
e 22 31
e 22 33
e 23 26
e 23 30
e 23 31
e 23 35
e 23 36
e 23 39
e 24 25
e 24 26
e 24 28
e 24 31
e 25 26
e 25 27
e 25 28
e 25 31
e 25 38
e 25 39
e 26 29
e 26 35
e 26 37
e 27 28
e 27 29
e 27 39
e 28 29
e 28 30
e 28 31
e 28 32
e 28 33
e 29 35
e 29 37
e 30 32
e 30 35
e 30 37
e 30 38
e 31 32
e 31 33
e 31 38
e 33 34
e 34 35
e 35 38
e 36 39
cU 1 1 1 1 1 1 1 1 1 1 1 1 1 1 1 1 1 1 1 1 1 1 1 1 1 1 1 1 1 1 1 1 1 1 1 1 1 1 1 1
cL 1 1 1 1 1 1 1 1 1 1 1 1 1 1 1 1 1 1 1 1 1 1 1 1 1 1 1 1 1 1 1 1 1 1 1 1 1 1 1 1
iL 24 24 24 24 24 24 24 24 24 24 24 24 24 24 24 24 24 24 24 24 24 24 24 24 24 24 24 24 24 24 24 24 24 24 24 24 24 24 24 24
bU 24
bL 24