p 40 er 0.3 0.2 0.05 1.0 0.6
e 0 2
e 0 9
e 0 10
e 0 11
e 0 12
e 0 17
e 0 18
e 0 23
e 1 4
e 1 10
e 1 11
e 1 12
e 1 21
e 1 27
e 1 28
e 1 30
e 1 34
e 1 35
e 1 39
e 2 5
e 2 7
e 2 9
e 2 10
e 2 11
e 2 13
e 2 16
e 2 18
e 2 19
e 2 20
e 2 30
e 2 33
e 2 36
e 2 38
e 2 39
e 3 5
e 3 6
e 3 9
e 3 13
e 3 14
e 3 17
e 3 18
e 3 21
e 3 22
e 3 27
e 3 32
e 3 34
e 3 35
e 3 37
e 3 38
e 4 8
e 4 12
e 4 13
e 4 17
e 4 18
e 4 21
e 4 30
e 4 34
e 4 36
e 5 6
e 5 8
e 5 10
e 5 19
e 5 20
e 5 21
e 5 28
e 5 29
e 5 31
e 5 33
e 5 35
e 6 7
e 6 9
e 6 13
e 6 16
e 6 21
e 6 28
e 6 32
e 6 33
e 6 36
e 6 38
e 7 8
e 7 13
e 7 16
e 7 18
e 7 19
e 7 23
e 7 24
e 7 25
e 7 26
e 7 28
e 7 35
e 7 38
e 8 11
e 8 21
e 8 23
e 8 26
e 8 29
e 8 32
e 8 39
e 9 19
e 9 21
e 9 22
e 9 30
e 9 32
e 9 39
e 10 11
e 10 12
e 10 16
e 10 25
e 10 26
e 10 34
e 10 35
e 10 36
e 10 38
e 11 14
e 11 15
e 11 18
e 11 25
e 11 31
e 11 32
e 11 38
e 12 14
e 12 15
e 12 17
e 12 18
e 12 24
e 12 26
e 12 28
e 12 30
e 12 32
e 12 37
e 12 38
e 13 16
e 13 20
e 13 21
e 13 23
e 13 25
e 13 28
e 13 32
e 13 35
e 14 17
e 14 20
e 14 21
e 14 22
e 14 23
e 14 38
e 15 16
e 15 17
e 15 20
e 15 23
e 15 26
e 15 27
e 15 33
e 15 35
e 15 37
e 15 38
e 15 39
e 16 19
e 16 25
e 16 29
e 16 30
e 16 31
e 16 39
e 17 19
e 17 22
e 17 26
e 17 29
e 17 30
e 17 33
e 17 39
e 18 19
e 18 20
e 18 22
e 18 30
e 18 33
e 19 22
e 19 26
e 19 31
e 19 34
e 19 36
e 19 38
e 20 22
e 20 23
e 20 25
e 20 26
e 20 27
e 20 31
e 20 33
e 20 34
e 20 36
e 20 37
e 21 27
e 21 33
e 21 37
e 21 39
e 22 23
e 22 25
e 22 28
e 22 32
e 22 38
e 23 24
e 23 27
e 23 29
e 23 30
e 23 32
e 24 27
e 24 29
e 24 30
e 24 31
e 24 36
e 24 37
e 25 27
e 25 28
e 25 31
e 25 33
e 26 28
e 26 30
e 26 36
e 27 31
e 27 34
e 27 37
e 27 38
e 27 39
e 28 31
e 28 34
e 28 36
e 28 38
e 29 30
e 29 31
e 29 34
e 29 35
e 29 38
e 30 37
e 31 34
e 32 34
e 32 38
e 33 36
e 33 39
e 37 38
e 38 39
cU 1 1 1 1 1 1 1 1 1 1 1 1 1 1 1 1 1 1 1 1 1 1 1 1 1 1 1 1 1 1 1 1 1 1 1 1 1 1 1 1
cL 1 1 1 1 1 1 1 1 1 1 1 1 1 1 1 1 1 1 1 1 1 1 1 1 1 1 1 1 1 1 1 1 1 1 1 1 1 1 1 1
iL 24 24 24 24 24 24 24 24 24 24 24 24 24 24 24 24 24 24 24 24 24 24 24 24 24 24 24 24 24 24 24 24 24 24 24 24 24 24 24 24
bU 24
bL 24