p 40 er 0.3 0.2 0.05 1.0 0.6
e 0 9
e 0 22
e 0 25
e 0 26
e 0 28
e 0 36
e 0 37
e 1 2
e 1 5
e 1 9
e 1 16
e 1 19
e 1 20
e 1 26
e 1 30
e 1 34
e 1 35
e 2 5
e 2 11
e 2 14
e 2 16
e 2 18
e 2 21
e 2 22
e 2 25
e 2 28
e 2 32
e 2 34
e 2 35
e 2 38
e 3 4
e 3 5
e 3 9
e 3 12
e 3 16
e 3 18
e 3 19
e 3 20
e 3 22
e 3 23
e 3 26
e 3 29
e 3 30
e 3 33
e 3 35
e 3 39
e 4 8
e 4 12
e 4 14
e 4 16
e 4 18
e 4 22
e 4 24
e 4 28
e 4 30
e 4 33
e 4 35
e 4 36
e 4 38
e 5 9
e 5 11
e 5 12
e 5 13
e 5 15
e 5 16
e 5 17
e 5 24
e 5 25
e 5 26
e 5 27
e 5 29
e 5 31
e 5 32
e 5 34
e 5 36
e 5 37
e 6 14
e 6 21
e 6 22
e 6 25
e 6 27
e 6 28
e 6 30
e 6 33
e 6 34
e 6 35
e 6 36
e 6 39
e 7 8
e 7 13
e 7 14
e 7 16
e 7 20
e 7 27
e 7 28
e 7 29
e 7 31
e 7 32
e 7 33
e 7 34
e 7 35
e 7 39
e 8 12
e 8 17
e 8 29
e 8 31
e 8 36
e 9 10
e 9 11
e 9 18
e 9 20
e 9 22
e 9 26
e 9 28
e 9 31
e 9 32
e 9 36
e 9 37
e 10 15
e 10 16
e 10 21
e 10 27
e 10 30
e 10 33
e 10 38
e 11 19
e 11 23
e 11 33
e 11 36
e 11 37
e 12 15
e 12 18
e 12 20
e 12 24
e 12 26
e 12 31
e 12 33
e 13 14
e 13 15
e 13 21
e 13 23
e 13 26
e 13 27
e 13 29
e 13 34
e 13 35
e 14 17
e 14 19
e 14 20
e 14 24
e 14 25
e 14 29
e 14 30
e 14 34
e 14 36
e 14 39
e 15 21
e 15 23
e 15 31
e 15 35
e 15 38
e 15 39
e 16 20
e 16 21
e 16 22
e 16 25
e 16 26
e 16 38
e 16 39
e 17 19
e 17 23
e 17 24
e 17 25
e 17 28
e 17 29
e 17 33
e 17 34
e 17 37
e 17 38
e 17 39
e 18 27
e 18 28
e 18 31
e 18 38
e 19 20
e 19 24
e 19 32
e 19 34
e 19 38
e 20 27
e 20 35
e 20 38
e 21 31
e 21 32
e 21 34
e 21 38
e 21 39
e 22 24
e 22 25
e 22 26
e 22 29
e 22 38
e 22 39
e 23 28
e 23 31
e 23 32
e 23 37
e 23 38
e 23 39
e 24 31
e 24 35
e 24 37
e 25 29
e 25 30
e 25 39
e 26 29
e 26 32
e 26 35
e 26 39
e 27 28
e 27 29
e 27 33
e 27 35
e 27 37
e 28 30
e 28 39
e 29 35
e 29 36
e 30 32
e 30 35
e 30 36
e 31 32
e 31 33
e 31 34
e 32 34
e 32 38
e 32 39
e 33 35
e 34 35
e 34 36
e 34 37
e 35 38
e 36 37
e 37 38
cU 1 1 1 1 1 1 1 1 1 1 1 1 1 1 1 1 1 1 1 1 1 1 1 1 1 1 1 1 1 1 1 1 1 1 1 1 1 1 1 1
cL 1 1 1 1 1 1 1 1 1 1 1 1 1 1 1 1 1 1 1 1 1 1 1 1 1 1 1 1 1 1 1 1 1 1 1 1 1 1 1 1
iL 24 24 24 24 24 24 24 24 24 24 24 24 24 24 24 24 24 24 24 24 24 24 24 24 24 24 24 24 24 24 24 24 24 24 24 24 24 24 24 24
bU 24
bL 24