p 40 er 0.3 0.15 0.15 1.0 0.6
e 0 3
e 0 8
e 0 9
e 0 12
e 0 13
e 0 18
e 0 19
e 0 20
e 0 21
e 0 26
e 0 37
e 0 38
e 1 3
e 1 4
e 1 8
e 1 15
e 1 17
e 1 18
e 1 30
e 1 34
e 2 9
e 2 10
e 2 11
e 2 14
e 2 20
e 2 23
e 2 24
e 2 25
e 2 27
e 2 28
e 2 31
e 3 6
e 3 9
e 3 12
e 3 13
e 3 15
e 3 16
e 3 17
e 3 19
e 3 20
e 3 21
e 3 25
e 3 27
e 3 33
e 3 35
e 3 36
e 3 37
e 4 11
e 4 12
e 4 16
e 4 18
e 4 22
e 4 24
e 4 25
e 4 26
e 4 27
e 4 28
e 4 29
e 4 34
e 4 35
e 4 37
e 4 39
e 5 11
e 5 13
e 5 16
e 5 17
e 5 22
e 5 23
e 5 28
e 5 30
e 5 31
e 5 33
e 5 39
e 6 9
e 6 15
e 6 19
e 6 24
e 6 26
e 6 29
e 6 30
e 6 38
e 6 39
e 7 9
e 7 11
e 7 13
e 7 14
e 7 15
e 7 23
e 7 27
e 7 29
e 7 30
e 7 32
e 8 10
e 8 14
e 8 18
e 8 20
e 8 22
e 8 28
e 8 30
e 8 31
e 8 33
e 8 34
e 8 38
e 9 11
e 9 13
e 9 17
e 9 21
e 9 22
e 9 26
e 9 29
e 9 30
e 9 31
e 9 33
e 9 36
e 9 37
e 10 12
e 10 16
e 10 19
e 10 25
e 10 29
e 10 31
e 10 36
e 11 12
e 11 18
e 11 19
e 11 20
e 11 21
e 11 25
e 11 28
e 11 30
e 11 31
e 12 13
e 12 14
e 12 15
e 12 17
e 12 18
e 12 20
e 12 22
e 12 23
e 12 30
e 12 31
e 12 33
e 12 34
e 13 15
e 13 17
e 13 18
e 13 19
e 13 20
e 13 23
e 13 24
e 13 29
e 13 33
e 13 34
e 13 36
e 13 38
e 14 18
e 14 19
e 14 23
e 14 26
e 14 28
e 14 37
e 14 39
e 15 18
e 15 21
e 15 25
e 15 29
e 15 33
e 15 34
e 15 36
e 15 38
e 15 39
e 16 17
e 16 18
e 16 22
e 16 24
e 16 26
e 16 32
e 16 33
e 16 36
e 17 21
e 17 25
e 17 27
e 17 34
e 17 39
e 18 24
e 18 31
e 18 32
e 18 38
e 19 25
e 19 26
e 19 29
e 19 31
e 19 35
e 20 21
e 20 23
e 20 24
e 20 26
e 20 27
e 20 29
e 20 34
e 20 37
e 21 24
e 21 25
e 21 30
e 21 33
e 21 34
e 21 38
e 22 29
e 22 31
e 22 32
e 22 33
e 22 38
e 23 26
e 23 31
e 23 39
e 24 25
e 24 27
e 24 29
e 24 30
e 24 32
e 24 37
e 25 26
e 25 27
e 25 28
e 25 29
e 25 31
e 25 32
e 25 33
e 25 34
e 25 36
e 27 31
e 27 32
e 28 32
e 29 31
e 29 37
e 30 31
e 30 32
e 30 33
e 31 32
e 32 37
e 32 39
e 34 38
e 35 38
e 35 39
e 37 38
e 37 39
e 38 39
cU 1 1 1 1 1 1 1 1 1 1 1 1 1 1 1 1 1 1 1 1 1 1 1 1 1 1 1 1 1 1 1 1 1 1 1 1 1 1 1 1
cL 1 1 1 1 1 1 1 1 1 1 1 1 1 1 1 1 1 1 1 1 1 1 1 1 1 1 1 1 1 1 1 1 1 1 1 1 1 1 1 1
iL 24 24 24 24 24 24 24 24 24 24 24 24 24 24 24 24 24 24 24 24 24 24 24 24 24 24 24 24 24 24 24 24 24 24 24 24 24 24 24 24
bU 24
bL 24