p 40 er 0.3 0.2 0.1 1.0 0.6
e 0 4
e 0 7
e 0 12
e 0 15
e 0 16
e 0 22
e 0 28
e 0 30
e 0 32
e 0 34
e 0 38
e 0 39
e 1 9
e 1 11
e 1 13
e 1 15
e 1 17
e 1 18
e 1 20
e 1 32
e 1 35
e 2 8
e 2 9
e 2 10
e 2 20
e 2 21
e 2 22
e 2 30
e 2 32
e 2 35
e 2 38
e 3 5
e 3 8
e 3 10
e 3 17
e 3 19
e 3 20
e 3 21
e 3 25
e 3 27
e 3 29
e 3 30
e 3 37
e 3 39
e 4 6
e 4 9
e 4 10
e 4 14
e 4 17
e 4 19
e 4 25
e 4 27
e 4 29
e 4 36
e 4 38
e 5 7
e 5 9
e 5 10
e 5 12
e 5 14
e 5 22
e 5 23
e 5 39
e 6 8
e 6 10
e 6 13
e 6 16
e 6 18
e 6 27
e 6 32
e 6 35
e 6 36
e 7 13
e 7 14
e 7 15
e 7 16
e 7 17
e 7 18
e 7 21
e 7 31
e 8 10
e 8 11
e 8 12
e 8 17
e 8 18
e 8 20
e 8 29
e 8 30
e 8 38
e 9 11
e 9 13
e 9 14
e 9 18
e 9 19
e 9 20
e 9 26
e 9 27
e 9 29
e 9 30
e 9 31
e 9 33
e 9 36
e 9 37
e 10 12
e 10 13
e 10 15
e 10 21
e 10 26
e 10 33
e 10 38
e 11 15
e 11 17
e 11 19
e 11 20
e 11 24
e 11 29
e 11 30
e 11 35
e 12 13
e 12 15
e 12 16
e 12 18
e 12 22
e 12 23
e 12 24
e 12 26
e 12 27
e 12 29
e 12 34
e 12 38
e 13 20
e 13 21
e 13 28
e 13 31
e 13 32
e 13 35
e 13 38
e 14 15
e 14 21
e 14 22
e 14 23
e 14 25
e 14 27
e 14 30
e 15 16
e 15 20
e 15 29
e 15 30
e 15 32
e 15 33
e 15 35
e 15 36
e 16 20
e 16 25
e 16 31
e 16 35
e 16 37
e 17 21
e 17 22
e 17 23
e 17 26
e 17 31
e 17 32
e 17 35
e 17 37
e 17 38
e 18 21
e 18 23
e 18 24
e 18 29
e 18 30
e 18 31
e 18 32
e 18 33
e 18 37
e 18 39
e 19 25
e 19 28
e 19 32
e 19 33
e 19 34
e 19 39
e 20 22
e 20 23
e 20 27
e 20 28
e 20 30
e 20 34
e 20 36
e 21 32
e 21 33
e 21 36
e 21 37
e 21 39
e 22 25
e 22 27
e 22 28
e 22 35
e 22 39
e 23 25
e 23 26
e 23 27
e 23 29
e 23 30
e 23 35
e 23 39
e 24 29
e 24 38
e 25 26
e 25 29
e 25 31
e 25 32
e 25 34
e 25 35
e 25 38
e 25 39
e 26 28
e 26 31
e 26 37
e 27 29
e 27 34
e 28 34
e 28 38
e 29 31
e 30 32
e 30 33
e 30 35
e 30 37
e 31 34
e 33 34
e 33 35
e 33 36
e 33 37
e 34 35
e 35 37
e 35 38
e 35 39
e 37 38
e 37 39
cU 1 1 1 1 1 1 1 1 1 1 1 1 1 1 1 1 1 1 1 1 1 1 1 1 1 1 1 1 1 1 1 1 1 1 1 1 1 1 1 1
cL 1 1 1 1 1 1 1 1 1 1 1 1 1 1 1 1 1 1 1 1 1 1 1 1 1 1 1 1 1 1 1 1 1 1 1 1 1 1 1 1
iL 24 24 24 24 24 24 24 24 24 24 24 24 24 24 24 24 24 24 24 24 24 24 24 24 24 24 24 24 24 24 24 24 24 24 24 24 24 24 24 24
bU 24
bL 24