p 40 er 0.3 0.2 0.1 1.0 0.6
e 0 3
e 0 4
e 0 5
e 0 7
e 0 8
e 0 12
e 0 17
e 0 24
e 0 26
e 0 31
e 0 37
e 1 5
e 1 10
e 1 15
e 1 16
e 1 18
e 1 19
e 1 25
e 1 30
e 1 32
e 1 39
e 2 7
e 2 12
e 2 14
e 2 17
e 2 20
e 2 23
e 2 25
e 2 29
e 2 34
e 2 35
e 2 36
e 2 37
e 3 4
e 3 6
e 3 8
e 3 9
e 3 10
e 3 14
e 3 15
e 3 16
e 3 17
e 3 18
e 3 24
e 3 33
e 3 35
e 3 37
e 3 38
e 4 8
e 4 10
e 4 13
e 4 19
e 4 27
e 4 32
e 4 36
e 5 8
e 5 10
e 5 12
e 5 13
e 5 18
e 5 19
e 5 20
e 5 24
e 5 25
e 5 26
e 5 33
e 6 7
e 6 10
e 6 11
e 6 14
e 6 17
e 6 18
e 6 21
e 6 29
e 6 30
e 6 33
e 6 37
e 7 24
e 7 30
e 7 31
e 7 37
e 7 38
e 8 10
e 8 11
e 8 21
e 8 22
e 8 25
e 8 28
e 8 29
e 8 30
e 8 32
e 8 36
e 9 16
e 9 18
e 9 24
e 9 27
e 9 30
e 9 31
e 9 32
e 9 36
e 9 38
e 10 34
e 10 35
e 10 37
e 10 38
e 11 18
e 11 19
e 11 20
e 11 22
e 11 31
e 11 33
e 11 34
e 12 15
e 12 16
e 12 17
e 12 18
e 12 24
e 12 27
e 12 29
e 12 30
e 12 33
e 12 34
e 12 35
e 12 36
e 13 16
e 13 17
e 13 21
e 13 22
e 13 27
e 13 28
e 13 29
e 13 31
e 13 32
e 13 33
e 13 38
e 14 16
e 14 17
e 14 20
e 14 29
e 14 30
e 14 33
e 14 38
e 15 17
e 15 21
e 15 22
e 15 27
e 15 28
e 15 38
e 16 17
e 16 18
e 16 21
e 16 24
e 16 25
e 16 29
e 16 35
e 16 39
e 17 20
e 17 21
e 17 22
e 17 26
e 17 31
e 17 32
e 17 36
e 17 37
e 17 39
e 18 21
e 18 25
e 18 27
e 18 29
e 18 31
e 18 34
e 19 21
e 19 24
e 19 26
e 19 27
e 19 29
e 19 30
e 19 31
e 19 32
e 20 21
e 20 22
e 20 25
e 20 30
e 20 31
e 20 33
e 20 38
e 20 39
e 21 22
e 21 28
e 21 29
e 21 30
e 21 32
e 21 33
e 21 35
e 21 37
e 22 23
e 22 25
e 22 33
e 23 25
e 23 28
e 23 30
e 23 33
e 23 35
e 23 37
e 23 38
e 24 26
e 24 27
e 24 31
e 25 28
e 25 34
e 25 36
e 25 39
e 26 28
e 26 37
e 27 29
e 28 39
e 29 31
e 29 35
e 29 39
e 30 37
e 30 38
e 30 39
e 31 33
e 31 37
e 31 39
e 32 34
e 32 37
e 33 34
e 33 37
e 34 37
e 34 38
e 35 37
e 36 38
e 37 39
cU 1 1 1 1 1 1 1 1 1 1 1 1 1 1 1 1 1 1 1 1 1 1 1 1 1 1 1 1 1 1 1 1 1 1 1 1 1 1 1 1
cL 1 1 1 1 1 1 1 1 1 1 1 1 1 1 1 1 1 1 1 1 1 1 1 1 1 1 1 1 1 1 1 1 1 1 1 1 1 1 1 1
iL 24 24 24 24 24 24 24 24 24 24 24 24 24 24 24 24 24 24 24 24 24 24 24 24 24 24 24 24 24 24 24 24 24 24 24 24 24 24 24 24
bU 24
bL 24