p 40 er 0.3 0.1 0.15 1.0 0.6
e 0 2
e 0 7
e 0 8
e 0 12
e 0 13
e 0 14
e 0 20
e 0 21
e 0 27
e 0 30
e 0 32
e 1 2
e 1 3
e 1 6
e 1 15
e 1 17
e 1 23
e 1 24
e 1 25
e 1 27
e 1 30
e 1 31
e 1 35
e 2 5
e 2 7
e 2 11
e 2 14
e 2 15
e 2 16
e 2 17
e 2 21
e 2 23
e 2 25
e 2 31
e 2 37
e 3 5
e 3 6
e 3 7
e 3 9
e 3 10
e 3 11
e 3 14
e 3 16
e 3 18
e 3 21
e 3 23
e 3 38
e 4 10
e 4 11
e 4 15
e 4 19
e 4 21
e 4 24
e 4 25
e 4 26
e 4 27
e 4 31
e 4 32
e 4 33
e 4 34
e 4 35
e 4 37
e 4 39
e 5 7
e 5 11
e 5 12
e 5 21
e 5 25
e 5 26
e 5 36
e 6 8
e 6 11
e 6 15
e 6 17
e 6 26
e 6 30
e 6 34
e 6 38
e 7 11
e 7 12
e 7 13
e 7 15
e 7 16
e 7 17
e 7 18
e 7 20
e 7 22
e 7 27
e 7 31
e 7 32
e 7 33
e 7 35
e 7 36
e 7 38
e 7 39
e 8 11
e 8 12
e 8 24
e 8 25
e 8 27
e 8 28
e 8 30
e 8 31
e 9 14
e 9 16
e 9 20
e 9 21
e 9 25
e 9 30
e 9 36
e 9 38
e 10 15
e 10 18
e 10 20
e 10 22
e 10 26
e 10 29
e 10 30
e 10 32
e 10 36
e 10 38
e 11 13
e 11 18
e 11 19
e 11 21
e 11 22
e 11 28
e 11 31
e 11 34
e 11 37
e 11 39
e 12 14
e 12 15
e 12 16
e 12 17
e 12 18
e 12 22
e 12 25
e 12 30
e 13 28
e 13 29
e 13 30
e 13 35
e 13 36
e 13 39
e 14 17
e 14 28
e 14 32
e 15 20
e 15 24
e 15 26
e 15 27
e 15 28
e 15 39
e 16 17
e 16 18
e 16 20
e 16 28
e 16 32
e 16 35
e 16 38
e 17 19
e 17 22
e 17 26
e 17 27
e 17 28
e 17 29
e 17 35
e 17 36
e 17 38
e 17 39
e 18 22
e 18 23
e 18 25
e 18 27
e 18 28
e 18 34
e 18 35
e 18 39
e 19 25
e 19 31
e 19 32
e 19 33
e 19 39
e 20 24
e 20 33
e 20 35
e 20 36
e 21 22
e 21 26
e 21 27
e 21 30
e 21 31
e 21 33
e 21 39
e 22 30
e 22 35
e 22 36
e 22 37
e 22 38
e 22 39
e 23 24
e 23 29
e 23 32
e 23 35
e 23 36
e 24 27
e 24 29
e 25 32
e 25 33
e 25 36
e 25 38
e 26 39
e 27 29
e 27 32
e 27 35
e 28 32
e 28 39
e 29 30
e 29 32
e 29 33
e 29 34
e 30 31
e 30 33
e 30 36
e 30 37
e 31 34
e 32 36
e 32 38
e 33 35
e 33 36
e 33 38
e 33 39
e 34 35
e 34 39
e 35 37
e 35 38
e 36 37
e 37 38
e 37 39
cU 1 1 1 1 1 1 1 1 1 1 1 1 1 1 1 1 1 1 1 1 1 1 1 1 1 1 1 1 1 1 1 1 1 1 1 1 1 1 1 1
cL 1 1 1 1 1 1 1 1 1 1 1 1 1 1 1 1 1 1 1 1 1 1 1 1 1 1 1 1 1 1 1 1 1 1 1 1 1 1 1 1
iL 24 24 24 24 24 24 24 24 24 24 24 24 24 24 24 24 24 24 24 24 24 24 24 24 24 24 24 24 24 24 24 24 24 24 24 24 24 24 24 24
bU 24
bL 24