p 40 er 0.3 0.1 0.15 1.0 0.6
e 0 2
e 0 4
e 0 14
e 0 17
e 0 19
e 0 22
e 0 24
e 0 27
e 0 28
e 0 35
e 1 6
e 1 7
e 1 8
e 1 9
e 1 12
e 1 13
e 1 24
e 1 27
e 1 28
e 1 31
e 1 33
e 1 36
e 1 37
e 2 6
e 2 7
e 2 9
e 2 11
e 2 15
e 2 16
e 2 17
e 2 19
e 2 20
e 2 25
e 2 27
e 2 30
e 2 31
e 2 33
e 2 34
e 3 5
e 3 17
e 3 21
e 3 23
e 3 26
e 3 27
e 3 28
e 3 30
e 3 39
e 4 5
e 4 7
e 4 14
e 4 15
e 4 23
e 4 26
e 4 28
e 4 35
e 4 37
e 5 7
e 5 8
e 5 9
e 5 11
e 5 12
e 5 16
e 5 20
e 5 24
e 5 30
e 5 32
e 5 33
e 5 34
e 5 36
e 5 37
e 5 39
e 6 9
e 6 10
e 6 12
e 6 13
e 6 17
e 6 18
e 6 25
e 6 26
e 6 27
e 6 29
e 6 31
e 6 32
e 6 33
e 6 37
e 6 39
e 7 8
e 7 12
e 7 15
e 7 29
e 7 35
e 7 37
e 7 38
e 7 39
e 8 12
e 8 15
e 8 17
e 8 18
e 8 21
e 8 22
e 8 24
e 8 25
e 8 27
e 8 32
e 8 37
e 9 15
e 9 17
e 9 18
e 9 30
e 9 37
e 10 11
e 10 13
e 10 16
e 10 25
e 10 26
e 10 30
e 10 39
e 11 12
e 11 13
e 11 15
e 11 18
e 11 20
e 11 22
e 11 25
e 11 35
e 11 38
e 12 15
e 12 17
e 12 19
e 12 23
e 12 26
e 12 27
e 12 37
e 13 14
e 13 18
e 13 20
e 13 21
e 13 24
e 13 29
e 13 32
e 13 35
e 13 36
e 13 39
e 14 16
e 14 17
e 14 23
e 14 25
e 14 29
e 14 34
e 14 38
e 14 39
e 15 18
e 15 21
e 15 24
e 15 26
e 15 27
e 15 29
e 15 37
e 16 19
e 16 21
e 16 23
e 16 25
e 16 28
e 16 36
e 16 37
e 17 18
e 17 20
e 17 21
e 17 22
e 17 23
e 17 26
e 17 27
e 17 33
e 17 34
e 17 35
e 17 37
e 18 21
e 19 24
e 19 27
e 19 30
e 19 33
e 20 24
e 20 29
e 20 32
e 20 33
e 21 26
e 21 28
e 21 32
e 21 35
e 21 36
e 21 38
e 22 23
e 22 27
e 22 28
e 22 31
e 22 32
e 23 25
e 23 34
e 24 25
e 24 28
e 24 29
e 24 30
e 24 31
e 24 35
e 24 36
e 24 39
e 25 26
e 25 33
e 25 34
e 25 36
e 25 39
e 26 29
e 26 37
e 26 39
e 27 36
e 27 37
e 27 39
e 28 31
e 28 34
e 28 35
e 28 37
e 29 30
e 29 31
e 29 35
e 29 36
e 29 37
e 29 38
e 30 31
e 30 37
e 30 39
e 31 32
e 31 37
e 34 37
e 34 38
e 35 37
e 35 38
e 35 39
e 36 37
e 36 39
e 37 38
cU 1 1 1 1 1 1 1 1 1 1 1 1 1 1 1 1 1 1 1 1 1 1 1 1 1 1 1 1 1 1 1 1 1 1 1 1 1 1 1 1
cL 1 1 1 1 1 1 1 1 1 1 1 1 1 1 1 1 1 1 1 1 1 1 1 1 1 1 1 1 1 1 1 1 1 1 1 1 1 1 1 1
iL 24 24 24 24 24 24 24 24 24 24 24 24 24 24 24 24 24 24 24 24 24 24 24 24 24 24 24 24 24 24 24 24 24 24 24 24 24 24 24 24
bU 24
bL 24