p 40 er 0.3 0.15 0.15 1.0 0.6
e 0 7
e 0 13
e 0 18
e 0 19
e 0 22
e 0 24
e 0 28
e 0 31
e 0 35
e 1 3
e 1 4
e 1 5
e 1 8
e 1 10
e 1 11
e 1 12
e 1 14
e 1 15
e 1 17
e 1 21
e 1 22
e 1 23
e 1 30
e 1 31
e 1 34
e 1 35
e 1 37
e 2 3
e 2 5
e 2 9
e 2 14
e 2 20
e 2 24
e 2 30
e 2 32
e 2 38
e 3 11
e 3 16
e 3 18
e 3 21
e 3 30
e 4 6
e 4 12
e 4 17
e 4 18
e 4 25
e 4 26
e 4 27
e 4 29
e 4 30
e 4 32
e 4 33
e 4 34
e 5 13
e 5 17
e 5 28
e 5 30
e 5 37
e 5 39
e 6 9
e 6 12
e 6 14
e 6 18
e 6 32
e 6 37
e 6 38
e 6 39
e 7 10
e 7 16
e 7 21
e 7 25
e 7 32
e 7 34
e 7 39
e 8 16
e 8 17
e 8 21
e 8 22
e 8 23
e 8 26
e 8 37
e 8 38
e 8 39
e 9 11
e 9 15
e 9 22
e 9 28
e 9 29
e 9 31
e 9 37
e 10 15
e 10 16
e 10 20
e 10 22
e 10 26
e 10 28
e 10 30
e 10 35
e 10 38
e 11 14
e 11 15
e 11 19
e 11 23
e 11 29
e 11 30
e 11 33
e 11 35
e 11 38
e 11 39
e 12 14
e 12 15
e 12 19
e 12 22
e 12 23
e 12 26
e 12 33
e 12 37
e 12 38
e 13 14
e 13 22
e 13 23
e 13 32
e 13 35
e 13 36
e 13 39
e 14 16
e 14 19
e 14 22
e 14 23
e 14 30
e 14 31
e 14 37
e 15 18
e 15 21
e 15 23
e 15 24
e 15 25
e 15 26
e 15 28
e 15 32
e 16 17
e 16 21
e 16 24
e 16 29
e 16 36
e 16 37
e 16 38
e 17 18
e 17 20
e 17 22
e 17 25
e 17 27
e 17 31
e 17 32
e 17 35
e 17 36
e 18 20
e 18 21
e 18 22
e 18 30
e 18 35
e 18 39
e 19 28
e 19 29
e 19 38
e 20 22
e 20 23
e 20 26
e 20 34
e 21 23
e 21 29
e 21 32
e 21 34
e 21 36
e 21 37
e 21 38
e 21 39
e 22 23
e 22 25
e 22 28
e 22 35
e 22 36
e 22 38
e 22 39
e 23 27
e 23 36
e 23 37
e 23 38
e 23 39
e 24 26
e 24 27
e 24 29
e 24 33
e 24 34
e 24 37
e 25 26
e 25 29
e 25 30
e 25 34
e 25 39
e 26 27
e 26 30
e 26 38
e 26 39
e 27 35
e 28 37
e 29 30
e 29 32
e 29 35
e 30 32
e 30 34
e 31 33
e 31 34
e 31 35
e 31 37
e 31 39
e 32 33
e 32 34
e 32 37
e 32 38
e 33 35
e 33 36
e 34 36
e 34 38
e 36 38
e 36 39
e 38 39
cU 1 1 1 1 1 1 1 1 1 1 1 1 1 1 1 1 1 1 1 1 1 1 1 1 1 1 1 1 1 1 1 1 1 1 1 1 1 1 1 1
cL 1 1 1 1 1 1 1 1 1 1 1 1 1 1 1 1 1 1 1 1 1 1 1 1 1 1 1 1 1 1 1 1 1 1 1 1 1 1 1 1
iL 24 24 24 24 24 24 24 24 24 24 24 24 24 24 24 24 24 24 24 24 24 24 24 24 24 24 24 24 24 24 24 24 24 24 24 24 24 24 24 24
bU 24
bL 24