p 40 er 0.3 0.4 0.15 1.0 0.6
e 0 2
e 0 4
e 0 9
e 0 10
e 0 11
e 0 17
e 0 18
e 0 19
e 0 23
e 0 27
e 0 28
e 0 32
e 0 34
e 0 38
e 0 39
e 1 8
e 1 10
e 1 12
e 1 13
e 1 16
e 1 20
e 1 21
e 1 25
e 1 27
e 1 28
e 1 37
e 1 38
e 2 8
e 2 10
e 2 14
e 2 15
e 2 16
e 2 21
e 2 24
e 2 25
e 2 28
e 2 31
e 2 33
e 2 34
e 3 11
e 3 13
e 3 14
e 3 16
e 3 27
e 3 28
e 3 31
e 3 39
e 4 7
e 4 8
e 4 10
e 4 16
e 4 19
e 4 28
e 4 32
e 4 36
e 5 8
e 5 9
e 5 14
e 5 19
e 5 22
e 5 23
e 5 24
e 5 26
e 5 28
e 5 38
e 5 39
e 6 7
e 6 14
e 6 18
e 6 20
e 6 23
e 6 29
e 7 8
e 7 9
e 7 18
e 7 20
e 7 22
e 7 27
e 7 33
e 7 34
e 7 35
e 7 36
e 8 10
e 8 11
e 8 14
e 8 15
e 8 16
e 8 17
e 8 19
e 8 21
e 8 22
e 8 26
e 8 30
e 8 31
e 8 36
e 9 14
e 9 16
e 9 18
e 9 19
e 9 20
e 9 32
e 9 35
e 9 38
e 10 22
e 10 24
e 10 29
e 10 31
e 10 34
e 10 37
e 10 39
e 11 14
e 11 15
e 11 25
e 11 29
e 11 30
e 11 38
e 12 15
e 12 24
e 12 27
e 12 28
e 12 29
e 12 32
e 12 38
e 12 39
e 13 14
e 13 16
e 13 20
e 13 21
e 13 23
e 13 25
e 13 28
e 13 30
e 13 31
e 13 32
e 13 37
e 14 17
e 14 19
e 14 21
e 14 22
e 14 27
e 14 28
e 14 29
e 14 32
e 14 39
e 15 24
e 15 27
e 16 18
e 16 20
e 16 24
e 16 27
e 16 31
e 16 34
e 16 36
e 17 21
e 17 23
e 17 27
e 17 30
e 17 32
e 17 37
e 17 39
e 18 24
e 18 26
e 18 27
e 18 30
e 18 31
e 18 37
e 18 38
e 19 20
e 19 22
e 19 23
e 19 29
e 19 34
e 19 35
e 20 21
e 20 24
e 20 25
e 20 32
e 20 35
e 20 38
e 21 28
e 21 31
e 21 33
e 21 38
e 21 39
e 22 25
e 22 31
e 22 34
e 22 36
e 22 37
e 22 38
e 23 28
e 23 33
e 23 35
e 23 38
e 24 31
e 24 35
e 24 36
e 24 38
e 24 39
e 25 29
e 25 33
e 26 27
e 26 28
e 26 32
e 26 33
e 26 36
e 26 37
e 26 39
e 27 38
e 27 39
e 28 31
e 28 35
e 28 38
e 29 35
e 29 37
e 29 39
e 30 38
e 31 32
e 31 33
e 31 34
e 31 37
e 32 34
e 32 35
e 32 37
e 33 39
e 34 38
e 35 36
e 37 38
e 37 39
cU 1 1 1 1 1 1 1 1 1 1 1 1 1 1 1 1 1 1 1 1 1 1 1 1 1 1 1 1 1 1 1 1 1 1 1 1 1 1 1 1
cL 1 1 1 1 1 1 1 1 1 1 1 1 1 1 1 1 1 1 1 1 1 1 1 1 1 1 1 1 1 1 1 1 1 1 1 1 1 1 1 1
iL 24 24 24 24 24 24 24 24 24 24 24 24 24 24 24 24 24 24 24 24 24 24 24 24 24 24 24 24 24 24 24 24 24 24 24 24 24 24 24 24
bU 24
bL 24