p 40 er 0.3 0.2 0.1 1.0 0.6
e 0 1
e 0 3
e 0 6
e 0 7
e 0 9
e 0 25
e 0 28
e 0 29
e 1 8
e 1 10
e 1 13
e 1 18
e 1 20
e 1 28
e 1 32
e 1 37
e 2 13
e 2 15
e 2 20
e 2 27
e 2 28
e 2 31
e 2 36
e 3 4
e 3 5
e 3 11
e 3 12
e 3 14
e 3 18
e 3 22
e 3 31
e 3 35
e 3 39
e 4 7
e 4 9
e 4 11
e 4 12
e 4 24
e 4 27
e 4 31
e 4 35
e 5 10
e 5 12
e 5 14
e 5 16
e 5 18
e 5 20
e 5 21
e 5 23
e 5 25
e 5 27
e 5 31
e 5 35
e 6 14
e 6 25
e 6 34
e 6 36
e 6 38
e 7 9
e 7 11
e 7 13
e 7 16
e 7 17
e 7 22
e 7 28
e 8 10
e 8 11
e 8 12
e 8 14
e 8 26
e 8 28
e 8 36
e 8 38
e 9 15
e 9 19
e 9 30
e 9 32
e 9 33
e 9 37
e 10 11
e 10 15
e 10 16
e 10 17
e 10 26
e 10 27
e 10 29
e 10 31
e 10 37
e 10 38
e 10 39
e 11 14
e 11 16
e 11 21
e 11 22
e 11 25
e 11 27
e 11 29
e 11 30
e 11 32
e 11 35
e 12 15
e 12 18
e 12 26
e 12 28
e 12 31
e 12 37
e 12 38
e 12 39
e 13 16
e 13 19
e 13 21
e 13 23
e 13 24
e 13 27
e 13 29
e 13 30
e 13 31
e 13 32
e 13 33
e 13 35
e 13 37
e 13 38
e 13 39
e 14 17
e 14 18
e 14 19
e 14 20
e 14 22
e 14 26
e 14 27
e 14 29
e 14 30
e 14 33
e 14 34
e 14 36
e 14 37
e 15 25
e 15 35
e 15 39
e 16 21
e 16 26
e 16 27
e 16 31
e 16 32
e 16 33
e 16 38
e 17 19
e 17 23
e 17 28
e 17 30
e 18 23
e 18 24
e 18 25
e 18 26
e 18 28
e 18 29
e 18 33
e 19 20
e 19 26
e 19 31
e 19 33
e 19 35
e 20 21
e 20 24
e 20 25
e 20 30
e 20 31
e 20 34
e 20 35
e 20 38
e 21 27
e 21 33
e 21 34
e 21 35
e 22 23
e 22 25
e 22 31
e 22 35
e 22 36
e 22 37
e 22 39
e 23 27
e 23 29
e 23 35
e 23 39
e 24 25
e 24 26
e 24 29
e 24 32
e 24 39
e 25 26
e 25 27
e 25 29
e 25 31
e 25 33
e 25 34
e 26 33
e 26 35
e 27 33
e 27 35
e 27 36
e 27 39
e 28 30
e 28 37
e 29 33
e 29 35
e 29 36
e 29 37
e 30 31
e 30 34
e 30 35
e 30 38
e 31 32
e 32 35
e 33 35
e 33 37
e 35 36
e 35 37
e 38 39
cU 1 1 1 1 1 1 1 1 1 1 1 1 1 1 1 1 1 1 1 1 1 1 1 1 1 1 1 1 1 1 1 1 1 1 1 1 1 1 1 1
cL 1 1 1 1 1 1 1 1 1 1 1 1 1 1 1 1 1 1 1 1 1 1 1 1 1 1 1 1 1 1 1 1 1 1 1 1 1 1 1 1
iL 24 24 24 24 24 24 24 24 24 24 24 24 24 24 24 24 24 24 24 24 24 24 24 24 24 24 24 24 24 24 24 24 24 24 24 24 24 24 24 24
bU 24
bL 24