p 40 er 0.3 0.2 0.05 1.0 0.6
e 0 3
e 0 4
e 0 7
e 0 12
e 0 14
e 0 18
e 0 24
e 0 25
e 0 26
e 0 30
e 0 37
e 0 38
e 0 39
e 1 3
e 1 6
e 1 8
e 1 12
e 1 13
e 1 15
e 1 20
e 1 24
e 1 27
e 1 33
e 1 34
e 1 35
e 1 38
e 2 3
e 2 4
e 2 12
e 2 22
e 2 25
e 2 29
e 2 35
e 2 37
e 2 38
e 3 4
e 3 14
e 3 21
e 3 25
e 3 31
e 3 33
e 3 35
e 3 39
e 4 7
e 4 14
e 4 21
e 4 22
e 4 24
e 4 30
e 4 31
e 4 37
e 4 39
e 5 6
e 5 9
e 5 11
e 5 15
e 5 17
e 5 22
e 5 26
e 5 33
e 5 34
e 5 35
e 5 36
e 6 10
e 6 13
e 6 14
e 6 18
e 6 22
e 6 23
e 6 27
e 6 35
e 6 36
e 7 11
e 7 15
e 7 16
e 7 17
e 7 18
e 7 23
e 7 27
e 7 32
e 7 36
e 7 38
e 8 9
e 8 10
e 8 14
e 8 16
e 8 20
e 8 21
e 8 23
e 8 24
e 8 26
e 8 32
e 8 34
e 9 13
e 9 14
e 9 19
e 9 21
e 9 23
e 9 36
e 9 37
e 10 14
e 10 15
e 10 17
e 10 34
e 10 39
e 11 12
e 11 13
e 11 17
e 11 23
e 11 28
e 11 31
e 11 32
e 11 37
e 12 19
e 12 23
e 12 27
e 12 30
e 12 37
e 13 15
e 13 16
e 13 20
e 13 25
e 13 27
e 13 31
e 13 32
e 13 35
e 13 37
e 13 39
e 14 15
e 14 17
e 14 18
e 14 20
e 14 26
e 14 27
e 14 36
e 14 37
e 15 18
e 15 19
e 15 23
e 15 32
e 15 35
e 15 38
e 16 23
e 16 24
e 16 36
e 16 37
e 17 18
e 17 21
e 17 22
e 17 28
e 17 39
e 18 22
e 18 23
e 18 24
e 18 26
e 18 29
e 18 32
e 18 39
e 19 22
e 19 24
e 19 27
e 19 35
e 19 36
e 19 39
e 20 26
e 20 28
e 20 34
e 21 25
e 21 27
e 21 35
e 22 26
e 22 29
e 22 30
e 22 32
e 23 31
e 23 33
e 23 35
e 23 36
e 23 37
e 23 38
e 24 27
e 24 34
e 24 36
e 25 30
e 25 32
e 25 33
e 26 31
e 26 36
e 27 30
e 27 31
e 27 32
e 27 34
e 27 35
e 27 36
e 27 39
e 28 29
e 28 30
e 28 31
e 28 32
e 28 33
e 28 34
e 28 36
e 29 30
e 29 34
e 29 36
e 29 39
e 30 31
e 30 37
e 31 32
e 31 34
e 31 35
e 31 37
e 31 38
e 31 39
e 32 35
e 32 38
e 33 39
e 34 35
e 34 39
e 35 36
e 35 38
e 36 38
e 37 38
e 38 39
cU 1 1 1 1 1 1 1 1 1 1 1 1 1 1 1 1 1 1 1 1 1 1 1 1 1 1 1 1 1 1 1 1 1 1 1 1 1 1 1 1
cL 1 1 1 1 1 1 1 1 1 1 1 1 1 1 1 1 1 1 1 1 1 1 1 1 1 1 1 1 1 1 1 1 1 1 1 1 1 1 1 1
iL 24 24 24 24 24 24 24 24 24 24 24 24 24 24 24 24 24 24 24 24 24 24 24 24 24 24 24 24 24 24 24 24 24 24 24 24 24 24 24 24
bU 24
bL 24