p 50 er 0.3 0.2 0.15 1.0 0.6
e 0 2
e 0 3
e 0 5
e 0 7
e 0 12
e 0 14
e 0 18
e 0 22
e 0 27
e 0 31
e 0 41
e 0 44
e 0 46
e 0 48
e 1 5
e 1 10
e 1 13
e 1 14
e 1 16
e 1 18
e 1 22
e 1 26
e 1 28
e 1 30
e 1 31
e 1 32
e 1 34
e 1 36
e 1 38
e 1 42
e 1 46
e 2 3
e 2 4
e 2 6
e 2 7
e 2 8
e 2 9
e 2 10
e 2 11
e 2 20
e 2 22
e 2 23
e 2 24
e 2 29
e 2 30
e 2 43
e 2 47
e 3 10
e 3 14
e 3 15
e 3 23
e 3 25
e 3 27
e 3 28
e 3 37
e 3 38
e 3 41
e 3 45
e 3 49
e 4 6
e 4 7
e 4 11
e 4 12
e 4 13
e 4 20
e 4 23
e 4 28
e 4 29
e 4 30
e 4 34
e 4 35
e 4 44
e 5 6
e 5 11
e 5 12
e 5 25
e 5 28
e 5 31
e 5 35
e 5 39
e 5 42
e 6 7
e 6 10
e 6 11
e 6 15
e 6 16
e 6 17
e 6 18
e 6 19
e 6 21
e 6 23
e 6 27
e 6 31
e 6 32
e 6 34
e 6 36
e 6 38
e 6 42
e 6 47
e 6 48
e 7 8
e 7 9
e 7 16
e 7 22
e 7 23
e 7 25
e 7 28
e 7 39
e 7 46
e 8 13
e 8 29
e 8 35
e 8 39
e 8 40
e 8 41
e 8 42
e 8 44
e 8 46
e 8 47
e 8 49
e 9 11
e 9 13
e 9 14
e 9 15
e 9 18
e 9 23
e 9 26
e 9 28
e 9 29
e 9 31
e 9 39
e 9 43
e 9 48
e 10 11
e 10 17
e 10 19
e 10 21
e 10 23
e 10 24
e 10 25
e 10 27
e 10 37
e 10 38
e 10 39
e 10 41
e 10 44
e 11 15
e 11 17
e 11 19
e 11 21
e 11 22
e 11 23
e 11 25
e 11 26
e 11 30
e 11 31
e 11 34
e 11 36
e 11 41
e 11 49
e 12 16
e 12 19
e 12 21
e 12 25
e 12 26
e 12 29
e 12 32
e 12 35
e 12 41
e 12 43
e 13 18
e 13 19
e 13 21
e 13 25
e 13 26
e 13 28
e 13 31
e 13 32
e 13 37
e 13 39
e 13 40
e 13 41
e 14 17
e 14 20
e 14 25
e 14 26
e 14 27
e 14 29
e 14 30
e 14 32
e 14 33
e 14 34
e 14 35
e 14 38
e 14 45
e 14 48
e 14 49
e 15 22
e 15 26
e 15 31
e 15 32
e 15 33
e 15 37
e 15 43
e 15 44
e 15 49
e 16 17
e 16 21
e 16 22
e 16 23
e 16 25
e 16 28
e 16 31
e 16 33
e 16 39
e 16 47
e 16 49
e 17 24
e 17 31
e 17 32
e 17 37
e 17 40
e 17 42
e 17 48
e 18 22
e 18 27
e 18 28
e 18 34
e 18 38
e 18 39
e 18 47
e 19 22
e 19 23
e 19 29
e 19 31
e 19 32
e 19 34
e 19 35
e 19 37
e 19 46
e 19 49
e 20 21
e 20 24
e 20 29
e 20 31
e 20 32
e 20 34
e 20 41
e 20 44
e 20 47
e 20 49
e 21 22
e 21 23
e 21 26
e 21 29
e 21 35
e 21 36
e 21 38
e 21 41
e 21 48
e 22 26
e 22 27
e 22 34
e 22 35
e 22 44
e 23 27
e 23 34
e 23 36
e 23 39
e 23 46
e 23 47
e 24 27
e 24 29
e 24 32
e 24 34
e 24 35
e 24 44
e 24 45
e 24 48
e 25 26
e 25 37
e 25 38
e 25 48
e 26 27
e 26 32
e 26 40
e 26 42
e 26 43
e 26 48
e 26 49
e 27 31
e 27 33
e 27 39
e 27 44
e 28 32
e 28 34
e 28 37
e 28 38
e 28 46
e 29 35
e 29 37
e 29 39
e 29 40
e 29 42
e 29 45
e 29 46
e 30 31
e 30 34
e 30 37
e 30 40
e 30 49
e 31 35
e 31 41
e 31 49
e 32 45
e 33 34
e 33 37
e 33 43
e 33 48
e 33 49
e 34 36
e 34 38
e 34 42
e 34 43
e 35 36
e 35 37
e 35 38
e 35 40
e 35 43
e 36 38
e 36 40
e 36 47
e 36 48
e 37 39
e 37 40
e 37 44
e 37 45
e 37 46
e 38 41
e 38 44
e 38 47
e 38 48
e 38 49
e 39 41
e 39 42
e 39 43
e 39 44
e 40 45
e 41 43
e 41 45
e 41 47
e 42 49
e 43 46
e 43 47
e 44 49
e 46 48
e 47 48
e 48 49
cU 1 1 1 1 1 1 1 1 1 1 1 1 1 1 1 1 1 1 1 1 1 1 1 1 1 1 1 1 1 1 1 1 1 1 1 1 1 1 1 1 1 1 1 1 1 1 1 1 1 1
cL 1 1 1 1 1 1 1 1 1 1 1 1 1 1 1 1 1 1 1 1 1 1 1 1 1 1 1 1 1 1 1 1 1 1 1 1 1 1 1 1 1 1 1 1 1 1 1 1 1 1
iL 30 30 30 30 30 30 30 30 30 30 30 30 30 30 30 30 30 30 30 30 30 30 30 30 30 30 30 30 30 30 30 30 30 30 30 30 30 30 30 30 30 30 30 30 30 30 30 30 30 30
bU 30
bL 30