p 50 er 0.3 0.15 0.15 1.0 0.6
e 0 4
e 0 9
e 0 16
e 0 21
e 0 24
e 0 26
e 0 27
e 0 31
e 0 32
e 0 33
e 0 36
e 0 37
e 0 39
e 0 48
e 0 49
e 1 13
e 1 18
e 1 19
e 1 25
e 1 26
e 1 30
e 1 33
e 1 35
e 1 36
e 1 42
e 1 44
e 1 46
e 1 47
e 1 49
e 2 3
e 2 5
e 2 11
e 2 13
e 2 15
e 2 16
e 2 17
e 2 19
e 2 21
e 2 23
e 2 24
e 2 25
e 2 26
e 2 28
e 2 37
e 2 41
e 2 43
e 3 5
e 3 6
e 3 11
e 3 12
e 3 18
e 3 22
e 3 26
e 3 30
e 3 31
e 3 35
e 3 38
e 3 44
e 3 45
e 3 46
e 3 47
e 4 5
e 4 12
e 4 15
e 4 21
e 4 27
e 4 31
e 4 32
e 4 35
e 4 38
e 4 40
e 4 44
e 4 47
e 4 48
e 4 49
e 5 9
e 5 16
e 5 21
e 5 24
e 5 25
e 5 32
e 5 37
e 5 41
e 5 43
e 5 45
e 5 47
e 5 49
e 6 9
e 6 10
e 6 12
e 6 15
e 6 16
e 6 20
e 6 21
e 6 26
e 6 29
e 6 31
e 6 32
e 6 33
e 6 34
e 6 37
e 6 45
e 6 48
e 7 9
e 7 12
e 7 16
e 7 23
e 7 25
e 7 45
e 7 47
e 8 10
e 8 11
e 8 12
e 8 22
e 8 24
e 8 25
e 8 29
e 8 34
e 8 36
e 8 42
e 8 43
e 8 45
e 8 47
e 8 49
e 9 10
e 9 11
e 9 17
e 9 18
e 9 19
e 9 21
e 9 26
e 9 27
e 9 31
e 9 33
e 9 35
e 9 36
e 9 38
e 10 13
e 10 14
e 10 19
e 10 25
e 10 29
e 10 30
e 10 34
e 10 37
e 10 39
e 10 41
e 10 42
e 10 47
e 10 48
e 11 13
e 11 15
e 11 21
e 11 22
e 11 23
e 11 30
e 11 31
e 11 32
e 11 37
e 11 49
e 12 13
e 12 14
e 12 17
e 12 18
e 12 19
e 12 20
e 12 24
e 12 28
e 12 31
e 12 32
e 12 34
e 12 35
e 12 38
e 12 41
e 12 43
e 12 45
e 12 46
e 13 18
e 13 21
e 13 23
e 13 24
e 13 27
e 13 34
e 13 40
e 13 43
e 13 45
e 14 16
e 14 18
e 14 22
e 14 31
e 14 32
e 14 33
e 14 37
e 14 40
e 14 41
e 15 17
e 15 18
e 15 24
e 15 31
e 15 38
e 15 42
e 15 45
e 16 21
e 16 24
e 16 26
e 16 30
e 16 33
e 16 34
e 16 38
e 16 39
e 16 41
e 16 42
e 16 43
e 16 48
e 17 20
e 17 21
e 17 22
e 17 25
e 17 33
e 17 34
e 17 40
e 17 41
e 17 42
e 17 46
e 17 49
e 18 20
e 18 22
e 18 25
e 18 27
e 18 30
e 18 31
e 18 32
e 18 36
e 18 37
e 18 40
e 18 45
e 18 46
e 18 47
e 18 48
e 18 49
e 19 20
e 19 25
e 19 26
e 19 30
e 19 32
e 19 33
e 19 45
e 19 49
e 20 26
e 20 27
e 20 28
e 20 30
e 20 34
e 20 44
e 20 46
e 20 47
e 21 25
e 21 29
e 21 32
e 21 33
e 21 37
e 21 39
e 21 41
e 21 44
e 21 45
e 21 48
e 22 23
e 22 28
e 22 31
e 22 34
e 22 40
e 22 44
e 22 46
e 23 26
e 23 30
e 23 32
e 23 33
e 23 41
e 23 42
e 24 28
e 24 29
e 24 36
e 24 37
e 24 38
e 24 42
e 24 44
e 25 27
e 25 28
e 25 29
e 25 32
e 25 33
e 25 34
e 25 36
e 25 43
e 25 45
e 25 47
e 26 27
e 26 28
e 26 31
e 26 34
e 26 35
e 26 37
e 26 43
e 26 44
e 26 46
e 26 47
e 26 48
e 27 30
e 27 33
e 27 42
e 27 44
e 27 45
e 28 29
e 28 31
e 28 46
e 28 49
e 29 30
e 29 32
e 29 36
e 29 38
e 29 39
e 29 41
e 29 48
e 30 31
e 30 32
e 30 45
e 30 48
e 30 49
e 31 38
e 31 44
e 31 48
e 32 36
e 32 44
e 33 36
e 33 38
e 33 45
e 33 46
e 33 48
e 34 35
e 34 38
e 34 42
e 34 47
e 35 38
e 35 46
e 36 38
e 36 42
e 36 48
e 37 38
e 37 40
e 37 45
e 37 47
e 38 40
e 38 45
e 39 40
e 39 44
e 39 45
e 39 46
e 39 47
e 39 48
e 39 49
e 40 41
e 40 49
e 41 43
e 43 44
e 43 47
e 43 49
e 44 45
e 44 46
e 44 47
e 44 48
e 45 47
e 45 48
e 46 48
e 48 49
cU 1 1 1 1 1 1 1 1 1 1 1 1 1 1 1 1 1 1 1 1 1 1 1 1 1 1 1 1 1 1 1 1 1 1 1 1 1 1 1 1 1 1 1 1 1 1 1 1 1 1
cL 1 1 1 1 1 1 1 1 1 1 1 1 1 1 1 1 1 1 1 1 1 1 1 1 1 1 1 1 1 1 1 1 1 1 1 1 1 1 1 1 1 1 1 1 1 1 1 1 1 1
iL 30 30 30 30 30 30 30 30 30 30 30 30 30 30 30 30 30 30 30 30 30 30 30 30 30 30 30 30 30 30 30 30 30 30 30 30 30 30 30 30 30 30 30 30 30 30 30 30 30 30
bU 30
bL 30