p 50 er 0.3 0.1 0.15 1.0 0.6
e 0 3
e 0 7
e 0 8
e 0 9
e 0 11
e 0 17
e 0 18
e 0 20
e 0 21
e 0 23
e 0 24
e 0 28
e 0 32
e 0 35
e 0 37
e 0 38
e 0 39
e 0 40
e 0 42
e 0 44
e 0 45
e 0 46
e 1 3
e 1 14
e 1 15
e 1 20
e 1 21
e 1 24
e 1 25
e 1 27
e 1 28
e 1 30
e 1 33
e 1 36
e 1 37
e 1 41
e 1 42
e 1 45
e 1 46
e 2 5
e 2 6
e 2 9
e 2 11
e 2 12
e 2 13
e 2 25
e 2 26
e 2 31
e 2 32
e 2 33
e 2 34
e 2 35
e 2 44
e 2 48
e 3 4
e 3 9
e 3 24
e 3 26
e 3 32
e 3 33
e 3 34
e 3 35
e 3 40
e 3 41
e 3 42
e 3 47
e 4 14
e 4 19
e 4 20
e 4 23
e 4 26
e 4 30
e 4 35
e 4 37
e 4 39
e 4 42
e 4 43
e 4 49
e 5 7
e 5 9
e 5 15
e 5 17
e 5 18
e 5 21
e 5 22
e 5 26
e 5 33
e 5 38
e 5 39
e 5 40
e 5 42
e 5 47
e 6 7
e 6 9
e 6 12
e 6 16
e 6 20
e 6 22
e 6 24
e 6 25
e 6 28
e 6 31
e 6 32
e 6 33
e 6 46
e 6 49
e 7 15
e 7 16
e 7 18
e 7 19
e 7 20
e 7 22
e 7 31
e 7 32
e 7 36
e 7 39
e 7 43
e 7 44
e 7 45
e 7 47
e 8 10
e 8 13
e 8 14
e 8 15
e 8 24
e 8 29
e 8 33
e 8 34
e 8 35
e 8 45
e 8 46
e 8 48
e 8 49
e 9 17
e 9 19
e 9 22
e 9 26
e 9 29
e 9 32
e 9 33
e 9 36
e 9 38
e 9 39
e 9 40
e 9 43
e 9 45
e 9 49
e 10 12
e 10 13
e 10 16
e 10 17
e 10 21
e 10 23
e 10 25
e 10 28
e 10 32
e 10 34
e 10 39
e 10 40
e 10 42
e 10 43
e 10 47
e 10 48
e 10 49
e 11 13
e 11 14
e 11 16
e 11 17
e 11 19
e 11 21
e 11 25
e 11 29
e 11 33
e 11 40
e 11 43
e 11 46
e 12 13
e 12 19
e 12 23
e 12 26
e 12 28
e 12 30
e 12 32
e 12 34
e 12 35
e 12 39
e 12 42
e 12 43
e 12 46
e 12 47
e 12 48
e 12 49
e 13 20
e 13 27
e 13 31
e 13 34
e 13 40
e 13 41
e 13 42
e 13 44
e 13 45
e 13 49
e 14 15
e 14 18
e 14 22
e 14 23
e 14 24
e 14 28
e 14 35
e 14 37
e 14 38
e 14 39
e 14 40
e 14 42
e 15 16
e 15 20
e 15 24
e 15 25
e 15 32
e 15 44
e 15 45
e 15 46
e 15 49
e 16 18
e 16 19
e 16 21
e 16 26
e 16 28
e 16 30
e 16 34
e 16 36
e 16 40
e 16 43
e 16 45
e 17 25
e 17 30
e 17 32
e 17 33
e 17 34
e 17 38
e 17 39
e 18 20
e 18 24
e 18 26
e 18 32
e 18 35
e 18 37
e 18 40
e 18 48
e 18 49
e 19 21
e 19 23
e 19 33
e 19 34
e 19 38
e 19 40
e 19 42
e 19 43
e 19 48
e 20 21
e 20 29
e 20 34
e 20 40
e 20 43
e 20 48
e 20 49
e 21 24
e 21 28
e 21 31
e 21 33
e 21 42
e 21 43
e 21 44
e 21 46
e 22 27
e 22 29
e 22 30
e 22 34
e 22 40
e 22 42
e 22 48
e 23 25
e 23 33
e 23 41
e 23 43
e 23 44
e 23 45
e 23 46
e 23 48
e 24 25
e 24 28
e 24 29
e 24 35
e 24 37
e 24 38
e 24 46
e 24 47
e 25 32
e 25 35
e 25 38
e 25 42
e 25 43
e 25 46
e 25 49
e 26 27
e 26 31
e 26 35
e 26 47
e 26 48
e 27 35
e 27 36
e 27 38
e 27 41
e 27 46
e 27 48
e 27 49
e 28 41
e 28 42
e 28 44
e 28 47
e 29 30
e 29 33
e 29 34
e 29 35
e 29 48
e 29 49
e 30 32
e 30 36
e 30 39
e 30 42
e 30 44
e 31 40
e 31 42
e 31 43
e 32 33
e 32 34
e 32 36
e 32 39
e 32 40
e 32 41
e 32 42
e 32 47
e 32 49
e 33 34
e 33 36
e 33 44
e 33 47
e 34 36
e 34 45
e 35 36
e 35 39
e 35 48
e 35 49
e 36 38
e 36 40
e 36 42
e 36 43
e 36 46
e 37 38
e 37 43
e 38 39
e 38 45
e 38 46
e 39 44
e 39 45
e 39 47
e 40 44
e 41 42
e 41 44
e 41 48
e 42 44
e 42 45
e 42 46
e 43 47
e 43 49
e 44 49
e 46 49
cU 1 1 1 1 1 1 1 1 1 1 1 1 1 1 1 1 1 1 1 1 1 1 1 1 1 1 1 1 1 1 1 1 1 1 1 1 1 1 1 1 1 1 1 1 1 1 1 1 1 1
cL 1 1 1 1 1 1 1 1 1 1 1 1 1 1 1 1 1 1 1 1 1 1 1 1 1 1 1 1 1 1 1 1 1 1 1 1 1 1 1 1 1 1 1 1 1 1 1 1 1 1
iL 30 30 30 30 30 30 30 30 30 30 30 30 30 30 30 30 30 30 30 30 30 30 30 30 30 30 30 30 30 30 30 30 30 30 30 30 30 30 30 30 30 30 30 30 30 30 30 30 30 30
bU 30
bL 30