p 50 er 0.3 0.2 0.05 1.0 0.6
e 0 5
e 0 10
e 0 14
e 0 20
e 0 25
e 0 29
e 0 36
e 0 38
e 0 40
e 0 43
e 0 48
e 1 2
e 1 3
e 1 6
e 1 10
e 1 13
e 1 14
e 1 18
e 1 21
e 1 23
e 1 24
e 1 25
e 1 29
e 1 40
e 2 4
e 2 7
e 2 8
e 2 11
e 2 15
e 2 17
e 2 19
e 2 25
e 2 29
e 2 32
e 2 33
e 2 35
e 2 40
e 2 41
e 2 43
e 2 46
e 2 47
e 3 4
e 3 6
e 3 7
e 3 11
e 3 14
e 3 20
e 3 23
e 3 28
e 3 30
e 3 37
e 3 43
e 4 5
e 4 12
e 4 15
e 4 25
e 4 27
e 4 38
e 4 41
e 4 47
e 5 6
e 5 7
e 5 19
e 5 20
e 5 21
e 5 23
e 5 28
e 5 29
e 5 30
e 5 36
e 5 49
e 6 10
e 6 13
e 6 15
e 6 17
e 6 21
e 6 25
e 6 26
e 6 38
e 7 13
e 7 15
e 7 16
e 7 21
e 7 23
e 7 24
e 7 30
e 7 37
e 7 42
e 8 9
e 8 10
e 8 13
e 8 19
e 8 27
e 8 30
e 8 31
e 8 32
e 8 34
e 8 37
e 8 40
e 8 44
e 8 49
e 9 10
e 9 12
e 9 19
e 9 23
e 9 24
e 9 25
e 9 26
e 9 28
e 9 30
e 9 33
e 9 41
e 9 47
e 10 11
e 10 17
e 10 19
e 10 34
e 10 35
e 10 37
e 10 38
e 10 39
e 10 41
e 10 43
e 11 16
e 11 19
e 11 26
e 11 27
e 11 30
e 11 32
e 11 37
e 11 39
e 11 41
e 11 42
e 11 48
e 12 13
e 12 17
e 12 27
e 12 28
e 12 34
e 12 38
e 12 39
e 12 41
e 12 49
e 13 14
e 13 15
e 13 20
e 13 31
e 13 32
e 13 33
e 13 38
e 13 40
e 13 41
e 13 49
e 14 16
e 14 19
e 14 24
e 14 30
e 14 33
e 14 34
e 14 36
e 14 37
e 14 38
e 14 41
e 15 22
e 15 25
e 15 28
e 15 31
e 15 42
e 15 48
e 16 20
e 16 21
e 16 22
e 16 24
e 16 25
e 16 26
e 16 27
e 16 36
e 16 43
e 17 25
e 17 27
e 17 28
e 17 30
e 17 31
e 17 32
e 17 35
e 17 38
e 17 46
e 17 47
e 17 49
e 18 20
e 18 22
e 18 25
e 18 28
e 18 30
e 18 32
e 18 34
e 18 35
e 18 44
e 19 21
e 19 23
e 19 26
e 19 27
e 19 33
e 19 36
e 19 43
e 19 45
e 19 46
e 19 48
e 20 31
e 20 32
e 20 35
e 20 39
e 20 41
e 20 42
e 20 47
e 20 48
e 21 24
e 21 25
e 21 26
e 21 34
e 21 36
e 21 37
e 21 41
e 21 42
e 21 49
e 22 25
e 22 28
e 22 30
e 22 36
e 22 48
e 23 29
e 23 30
e 23 34
e 23 43
e 23 45
e 24 29
e 24 32
e 24 35
e 24 36
e 24 37
e 24 46
e 25 27
e 25 30
e 25 32
e 25 36
e 25 39
e 25 48
e 26 29
e 26 39
e 26 43
e 26 44
e 26 45
e 26 49
e 27 28
e 27 30
e 27 32
e 27 33
e 27 40
e 27 42
e 27 47
e 27 49
e 28 29
e 28 31
e 28 34
e 28 35
e 28 36
e 28 41
e 28 42
e 28 44
e 28 45
e 29 31
e 29 32
e 29 33
e 29 34
e 29 39
e 29 40
e 29 44
e 29 46
e 30 34
e 30 36
e 30 39
e 30 41
e 30 43
e 30 45
e 30 47
e 31 32
e 31 38
e 31 39
e 32 39
e 32 40
e 32 43
e 32 44
e 33 35
e 33 39
e 33 41
e 33 45
e 33 46
e 33 47
e 34 40
e 34 44
e 34 45
e 35 42
e 35 48
e 36 43
e 36 45
e 36 47
e 37 45
e 37 49
e 38 43
e 39 40
e 39 44
e 39 48
e 40 41
e 40 45
e 40 49
e 41 42
e 41 47
e 43 44
e 43 48
e 44 45
e 44 47
e 44 48
e 45 49
e 46 47
e 46 48
e 47 49
cU 1 1 1 1 1 1 1 1 1 1 1 1 1 1 1 1 1 1 1 1 1 1 1 1 1 1 1 1 1 1 1 1 1 1 1 1 1 1 1 1 1 1 1 1 1 1 1 1 1 1
cL 1 1 1 1 1 1 1 1 1 1 1 1 1 1 1 1 1 1 1 1 1 1 1 1 1 1 1 1 1 1 1 1 1 1 1 1 1 1 1 1 1 1 1 1 1 1 1 1 1 1
iL 30 30 30 30 30 30 30 30 30 30 30 30 30 30 30 30 30 30 30 30 30 30 30 30 30 30 30 30 30 30 30 30 30 30 30 30 30 30 30 30 30 30 30 30 30 30 30 30 30 30
bU 30
bL 30