p 50 er 0.3 0.4 0.15 1.0 0.6
e 0 3
e 0 6
e 0 7
e 0 13
e 0 17
e 0 18
e 0 21
e 0 25
e 0 29
e 0 30
e 0 32
e 0 38
e 0 39
e 0 40
e 0 41
e 0 43
e 0 46
e 1 4
e 1 5
e 1 10
e 1 15
e 1 24
e 1 29
e 1 32
e 1 35
e 1 36
e 1 41
e 1 47
e 2 4
e 2 5
e 2 6
e 2 7
e 2 8
e 2 10
e 2 14
e 2 20
e 2 23
e 2 24
e 2 28
e 2 36
e 2 37
e 2 40
e 2 41
e 2 42
e 2 44
e 2 46
e 2 49
e 3 10
e 3 18
e 3 23
e 3 25
e 3 28
e 3 29
e 3 36
e 3 37
e 3 39
e 3 44
e 4 11
e 4 15
e 4 20
e 4 26
e 4 42
e 4 47
e 4 48
e 5 6
e 5 12
e 5 16
e 5 18
e 5 19
e 5 20
e 5 26
e 5 27
e 5 32
e 5 35
e 5 38
e 5 39
e 5 41
e 5 47
e 5 49
e 6 7
e 6 11
e 6 12
e 6 13
e 6 16
e 6 18
e 6 21
e 6 30
e 6 38
e 6 39
e 6 44
e 6 47
e 6 49
e 7 14
e 7 15
e 7 16
e 7 17
e 7 19
e 7 24
e 7 30
e 7 32
e 7 33
e 7 34
e 7 38
e 7 39
e 7 41
e 8 16
e 8 17
e 8 21
e 8 22
e 8 27
e 8 34
e 8 35
e 8 48
e 8 49
e 9 10
e 9 11
e 9 13
e 9 14
e 9 18
e 9 22
e 9 29
e 9 30
e 9 36
e 9 40
e 9 45
e 10 11
e 10 13
e 10 14
e 10 15
e 10 16
e 10 17
e 10 18
e 10 21
e 10 22
e 10 23
e 10 29
e 10 31
e 10 35
e 10 36
e 10 37
e 10 38
e 10 40
e 11 18
e 11 19
e 11 20
e 11 21
e 11 27
e 11 29
e 11 35
e 11 37
e 11 38
e 11 44
e 11 48
e 11 49
e 12 14
e 12 18
e 12 22
e 12 24
e 12 29
e 12 30
e 12 32
e 12 35
e 12 44
e 12 48
e 13 19
e 13 25
e 13 26
e 13 28
e 13 31
e 13 34
e 14 16
e 14 20
e 14 24
e 14 28
e 14 29
e 14 34
e 14 37
e 14 39
e 14 41
e 14 45
e 14 47
e 14 48
e 15 16
e 15 22
e 15 25
e 15 30
e 15 31
e 15 36
e 15 39
e 15 43
e 15 47
e 16 17
e 16 22
e 16 23
e 16 27
e 16 34
e 16 36
e 16 38
e 16 46
e 17 25
e 17 28
e 17 29
e 17 34
e 17 36
e 17 41
e 17 45
e 17 46
e 17 48
e 18 23
e 18 27
e 18 29
e 18 30
e 18 32
e 18 33
e 18 35
e 18 38
e 18 42
e 18 45
e 18 47
e 19 21
e 19 22
e 19 24
e 19 25
e 19 31
e 19 32
e 19 33
e 19 34
e 19 36
e 19 39
e 19 42
e 20 22
e 20 24
e 20 34
e 20 35
e 20 46
e 20 47
e 20 48
e 20 49
e 21 22
e 21 26
e 21 33
e 21 38
e 21 42
e 22 23
e 22 33
e 22 41
e 22 42
e 22 49
e 23 26
e 23 29
e 23 31
e 23 32
e 23 36
e 23 41
e 23 44
e 23 47
e 24 28
e 24 33
e 24 40
e 24 43
e 24 46
e 24 49
e 25 32
e 25 41
e 25 47
e 26 29
e 26 31
e 26 37
e 26 44
e 26 46
e 27 28
e 27 36
e 27 42
e 27 45
e 27 46
e 27 47
e 28 29
e 28 35
e 28 37
e 28 47
e 28 49
e 29 32
e 29 38
e 29 42
e 29 45
e 29 47
e 29 48
e 30 31
e 30 32
e 30 33
e 30 34
e 30 35
e 30 39
e 30 40
e 30 48
e 30 49
e 31 32
e 31 43
e 31 45
e 31 46
e 31 49
e 32 34
e 32 37
e 32 40
e 32 41
e 32 45
e 32 47
e 32 48
e 33 34
e 33 40
e 33 42
e 33 43
e 33 44
e 33 49
e 34 36
e 34 38
e 34 43
e 34 44
e 34 47
e 35 36
e 35 39
e 35 40
e 35 47
e 36 37
e 36 38
e 36 39
e 37 41
e 37 47
e 38 40
e 38 43
e 38 48
e 39 44
e 39 46
e 39 47
e 40 44
e 41 44
e 41 45
e 42 46
e 43 44
e 44 45
e 44 48
e 44 49
e 45 46
e 47 49
e 48 49
cU 1 1 1 1 1 1 1 1 1 1 1 1 1 1 1 1 1 1 1 1 1 1 1 1 1 1 1 1 1 1 1 1 1 1 1 1 1 1 1 1 1 1 1 1 1 1 1 1 1 1
cL 1 1 1 1 1 1 1 1 1 1 1 1 1 1 1 1 1 1 1 1 1 1 1 1 1 1 1 1 1 1 1 1 1 1 1 1 1 1 1 1 1 1 1 1 1 1 1 1 1 1
iL 30 30 30 30 30 30 30 30 30 30 30 30 30 30 30 30 30 30 30 30 30 30 30 30 30 30 30 30 30 30 30 30 30 30 30 30 30 30 30 30 30 30 30 30 30 30 30 30 30 30
bU 30
bL 30