p 50 er 0.3 0.15 0.15 1.0 0.6
e 0 5
e 0 11
e 0 16
e 0 17
e 0 19
e 0 20
e 0 21
e 0 22
e 0 29
e 0 36
e 0 37
e 0 42
e 0 48
e 1 5
e 1 18
e 1 19
e 1 20
e 1 23
e 1 26
e 1 28
e 1 37
e 1 39
e 1 41
e 1 45
e 2 3
e 2 4
e 2 8
e 2 9
e 2 15
e 2 16
e 2 27
e 2 34
e 2 35
e 2 39
e 2 44
e 2 45
e 3 11
e 3 12
e 3 17
e 3 18
e 3 19
e 3 22
e 3 23
e 3 24
e 3 27
e 3 29
e 3 30
e 3 35
e 3 39
e 3 44
e 3 45
e 3 46
e 3 49
e 4 7
e 4 12
e 4 15
e 4 16
e 4 20
e 4 25
e 4 27
e 4 28
e 4 30
e 4 31
e 4 32
e 4 35
e 4 40
e 4 41
e 4 43
e 5 6
e 5 12
e 5 13
e 5 14
e 5 15
e 5 22
e 5 23
e 5 25
e 5 37
e 5 40
e 5 45
e 5 48
e 5 49
e 6 8
e 6 27
e 6 28
e 6 29
e 6 31
e 6 39
e 6 44
e 6 46
e 6 47
e 7 8
e 7 14
e 7 15
e 7 18
e 7 19
e 7 21
e 7 22
e 7 26
e 7 27
e 7 28
e 7 31
e 7 34
e 7 37
e 7 39
e 7 40
e 7 42
e 7 46
e 8 10
e 8 11
e 8 12
e 8 14
e 8 15
e 8 17
e 8 19
e 8 26
e 8 27
e 8 28
e 8 29
e 8 30
e 8 31
e 8 34
e 8 36
e 8 37
e 8 40
e 8 46
e 8 48
e 8 49
e 9 11
e 9 16
e 9 21
e 9 25
e 9 27
e 9 34
e 9 40
e 9 41
e 9 42
e 9 47
e 9 49
e 10 12
e 10 15
e 10 17
e 10 21
e 10 22
e 10 23
e 10 26
e 10 30
e 10 39
e 10 40
e 10 44
e 10 46
e 10 48
e 10 49
e 11 21
e 11 23
e 11 24
e 11 31
e 11 34
e 11 36
e 11 37
e 11 40
e 11 43
e 11 44
e 12 21
e 12 24
e 12 25
e 12 28
e 12 31
e 12 32
e 12 37
e 12 39
e 12 41
e 12 47
e 12 49
e 13 14
e 13 16
e 13 24
e 13 25
e 13 27
e 13 29
e 13 31
e 13 45
e 13 48
e 14 15
e 14 19
e 14 22
e 14 29
e 14 31
e 14 34
e 14 37
e 14 41
e 14 42
e 15 17
e 15 19
e 15 21
e 15 23
e 15 27
e 15 28
e 15 29
e 15 33
e 15 36
e 15 37
e 15 39
e 15 44
e 15 46
e 15 47
e 15 49
e 16 17
e 16 20
e 16 25
e 16 29
e 16 31
e 16 32
e 16 35
e 16 39
e 16 40
e 16 42
e 16 48
e 17 19
e 17 21
e 17 22
e 17 28
e 17 30
e 17 31
e 17 33
e 17 35
e 17 36
e 17 37
e 17 40
e 17 43
e 17 45
e 18 25
e 18 26
e 18 29
e 18 30
e 18 33
e 18 35
e 18 36
e 18 44
e 18 45
e 19 20
e 19 22
e 19 23
e 19 27
e 19 28
e 19 30
e 19 37
e 19 39
e 19 40
e 19 41
e 19 44
e 20 21
e 20 23
e 20 25
e 20 27
e 20 29
e 20 31
e 20 37
e 20 40
e 20 43
e 20 47
e 20 48
e 21 24
e 21 25
e 21 26
e 21 27
e 21 30
e 21 32
e 21 33
e 21 34
e 21 36
e 21 38
e 21 40
e 21 42
e 21 43
e 22 23
e 22 25
e 22 26
e 22 27
e 22 43
e 22 45
e 22 46
e 23 24
e 23 25
e 23 26
e 23 28
e 23 36
e 23 46
e 24 26
e 24 31
e 24 34
e 24 35
e 24 39
e 24 45
e 25 26
e 25 27
e 25 28
e 25 34
e 25 38
e 25 43
e 25 44
e 25 47
e 26 27
e 26 28
e 26 29
e 26 36
e 26 38
e 26 42
e 26 43
e 26 46
e 27 29
e 27 30
e 27 33
e 27 34
e 27 35
e 27 36
e 27 40
e 27 41
e 27 42
e 27 45
e 27 47
e 27 48
e 27 49
e 28 36
e 28 38
e 28 39
e 28 40
e 28 41
e 28 42
e 28 46
e 28 47
e 28 48
e 29 36
e 29 37
e 29 39
e 29 41
e 29 44
e 29 45
e 30 43
e 31 33
e 31 36
e 31 37
e 31 38
e 31 40
e 31 42
e 31 45
e 32 42
e 32 48
e 32 49
e 33 39
e 33 42
e 33 43
e 33 44
e 34 35
e 34 36
e 34 37
e 34 44
e 35 37
e 35 38
e 35 39
e 35 44
e 35 47
e 35 49
e 36 39
e 36 40
e 36 43
e 36 44
e 36 46
e 37 39
e 37 41
e 37 47
e 38 39
e 38 44
e 39 41
e 39 43
e 39 44
e 39 47
e 39 48
e 40 46
e 40 47
e 41 45
e 42 44
e 42 45
e 42 46
e 42 48
e 43 44
e 43 47
e 43 48
e 43 49
e 44 46
e 44 47
e 44 48
e 45 47
e 45 48
e 46 47
e 46 48
cU 1 1 1 1 1 1 1 1 1 1 1 1 1 1 1 1 1 1 1 1 1 1 1 1 1 1 1 1 1 1 1 1 1 1 1 1 1 1 1 1 1 1 1 1 1 1 1 1 1 1
cL 1 1 1 1 1 1 1 1 1 1 1 1 1 1 1 1 1 1 1 1 1 1 1 1 1 1 1 1 1 1 1 1 1 1 1 1 1 1 1 1 1 1 1 1 1 1 1 1 1 1
iL 30 30 30 30 30 30 30 30 30 30 30 30 30 30 30 30 30 30 30 30 30 30 30 30 30 30 30 30 30 30 30 30 30 30 30 30 30 30 30 30 30 30 30 30 30 30 30 30 30 30
bU 30
bL 30