p 50 er 0.3 0.15 0.15 1.0 0.6
e 0 2
e 0 3
e 0 8
e 0 12
e 0 13
e 0 14
e 0 17
e 0 19
e 0 24
e 0 25
e 0 26
e 0 28
e 0 29
e 0 40
e 0 43
e 0 46
e 0 47
e 1 4
e 1 5
e 1 7
e 1 10
e 1 13
e 1 16
e 1 19
e 1 25
e 1 29
e 1 32
e 1 37
e 1 38
e 1 40
e 1 43
e 1 45
e 1 46
e 1 47
e 2 7
e 2 11
e 2 17
e 2 23
e 2 27
e 2 28
e 2 36
e 2 37
e 2 38
e 2 42
e 2 46
e 3 10
e 3 17
e 3 24
e 3 25
e 3 30
e 3 32
e 3 34
e 3 41
e 3 42
e 3 44
e 3 47
e 4 7
e 4 11
e 4 12
e 4 14
e 4 15
e 4 17
e 4 20
e 4 22
e 4 23
e 4 25
e 4 35
e 4 36
e 4 42
e 4 44
e 4 45
e 4 49
e 5 9
e 5 12
e 5 16
e 5 18
e 5 19
e 5 23
e 5 28
e 5 31
e 5 32
e 5 34
e 5 37
e 5 38
e 5 40
e 5 43
e 6 7
e 6 8
e 6 13
e 6 15
e 6 22
e 6 39
e 6 43
e 7 10
e 7 11
e 7 21
e 7 22
e 7 33
e 7 37
e 7 38
e 7 40
e 7 49
e 8 11
e 8 19
e 8 25
e 8 30
e 8 31
e 8 33
e 8 41
e 8 42
e 8 44
e 8 47
e 9 14
e 9 16
e 9 20
e 9 21
e 9 23
e 9 27
e 9 29
e 9 30
e 9 36
e 9 39
e 9 40
e 9 48
e 10 15
e 10 16
e 10 17
e 10 20
e 10 26
e 10 28
e 10 32
e 10 33
e 10 35
e 10 38
e 10 39
e 10 44
e 10 45
e 10 46
e 11 14
e 11 19
e 11 20
e 11 23
e 11 31
e 11 36
e 11 41
e 11 42
e 11 45
e 12 16
e 12 17
e 12 22
e 12 23
e 12 26
e 12 27
e 12 28
e 12 35
e 12 39
e 12 43
e 12 47
e 12 49
e 13 18
e 13 19
e 13 21
e 13 23
e 13 24
e 13 33
e 13 36
e 13 38
e 13 41
e 13 42
e 14 15
e 14 18
e 14 20
e 14 24
e 14 25
e 14 27
e 14 28
e 14 30
e 14 31
e 14 34
e 14 37
e 14 39
e 14 43
e 14 45
e 14 47
e 14 48
e 14 49
e 15 20
e 15 21
e 15 22
e 15 25
e 15 30
e 15 34
e 15 41
e 15 44
e 15 46
e 15 47
e 16 18
e 16 19
e 16 20
e 16 26
e 16 30
e 16 31
e 16 32
e 16 34
e 16 36
e 16 41
e 16 42
e 16 44
e 16 46
e 17 20
e 17 23
e 17 27
e 17 29
e 17 34
e 17 35
e 17 37
e 17 43
e 17 47
e 17 48
e 18 27
e 18 29
e 18 30
e 18 34
e 18 38
e 18 39
e 18 41
e 18 43
e 19 22
e 19 28
e 19 31
e 19 32
e 19 35
e 19 36
e 19 37
e 19 46
e 19 48
e 19 49
e 20 28
e 20 29
e 20 31
e 20 34
e 20 40
e 20 46
e 20 48
e 21 23
e 21 26
e 21 37
e 21 38
e 21 42
e 22 24
e 22 28
e 22 36
e 22 37
e 22 38
e 23 28
e 23 31
e 23 32
e 23 36
e 23 43
e 23 44
e 23 45
e 23 47
e 23 49
e 24 26
e 24 28
e 24 29
e 24 30
e 24 31
e 24 32
e 24 34
e 24 35
e 24 43
e 25 27
e 25 28
e 25 31
e 25 38
e 25 42
e 26 28
e 26 29
e 26 36
e 26 47
e 27 29
e 27 30
e 27 37
e 27 43
e 27 46
e 27 47
e 28 30
e 28 39
e 28 40
e 28 43
e 28 44
e 28 45
e 29 31
e 29 33
e 29 37
e 29 39
e 29 40
e 29 45
e 29 49
e 30 31
e 30 35
e 30 36
e 30 39
e 30 44
e 30 47
e 30 49
e 31 32
e 31 46
e 32 36
e 32 41
e 32 46
e 32 49
e 33 34
e 33 36
e 33 37
e 33 39
e 33 41
e 33 43
e 33 45
e 33 47
e 34 35
e 34 39
e 34 44
e 34 45
e 34 49
e 35 36
e 35 39
e 35 44
e 35 45
e 35 49
e 36 38
e 36 44
e 36 46
e 36 47
e 37 39
e 37 41
e 37 43
e 38 42
e 38 45
e 39 43
e 39 44
e 40 44
e 41 45
e 41 46
e 41 49
e 42 49
e 43 47
e 43 48
e 44 46
e 45 46
e 45 47
e 45 48
e 46 48
e 47 48
e 47 49
e 48 49
cU 1 1 1 1 1 1 1 1 1 1 1 1 1 1 1 1 1 1 1 1 1 1 1 1 1 1 1 1 1 1 1 1 1 1 1 1 1 1 1 1 1 1 1 1 1 1 1 1 1 1
cL 1 1 1 1 1 1 1 1 1 1 1 1 1 1 1 1 1 1 1 1 1 1 1 1 1 1 1 1 1 1 1 1 1 1 1 1 1 1 1 1 1 1 1 1 1 1 1 1 1 1
iL 30 30 30 30 30 30 30 30 30 30 30 30 30 30 30 30 30 30 30 30 30 30 30 30 30 30 30 30 30 30 30 30 30 30 30 30 30 30 30 30 30 30 30 30 30 30 30 30 30 30
bU 30
bL 30