p 50 er 0.3 0.15 0.15 1.0 0.6
e 0 3
e 0 4
e 0 13
e 0 28
e 0 32
e 0 34
e 0 38
e 0 41
e 0 43
e 0 44
e 0 45
e 1 6
e 1 7
e 1 18
e 1 25
e 1 33
e 1 36
e 1 38
e 1 43
e 1 47
e 2 3
e 2 6
e 2 9
e 2 19
e 2 20
e 2 23
e 2 25
e 2 30
e 2 31
e 2 33
e 2 36
e 2 38
e 2 43
e 2 47
e 3 6
e 3 10
e 3 13
e 3 17
e 3 18
e 3 19
e 3 20
e 3 21
e 3 24
e 3 25
e 3 29
e 3 30
e 3 31
e 3 35
e 3 39
e 3 43
e 3 48
e 3 49
e 4 11
e 4 13
e 4 14
e 4 16
e 4 17
e 4 22
e 4 34
e 4 36
e 4 38
e 4 39
e 4 42
e 5 6
e 5 7
e 5 13
e 5 15
e 5 18
e 5 20
e 5 21
e 5 22
e 5 23
e 5 24
e 5 26
e 5 29
e 5 36
e 5 37
e 5 39
e 5 40
e 5 41
e 5 43
e 5 46
e 5 48
e 6 10
e 6 13
e 6 15
e 6 16
e 6 17
e 6 28
e 6 31
e 6 32
e 6 43
e 6 45
e 6 46
e 6 49
e 7 10
e 7 12
e 7 19
e 7 21
e 7 22
e 7 24
e 7 25
e 7 34
e 7 35
e 7 38
e 7 43
e 7 46
e 7 47
e 7 49
e 8 23
e 8 24
e 8 25
e 8 26
e 8 33
e 8 37
e 8 41
e 9 10
e 9 11
e 9 13
e 9 14
e 9 17
e 9 25
e 9 30
e 9 34
e 9 38
e 9 39
e 9 41
e 9 43
e 10 14
e 10 17
e 10 19
e 10 22
e 10 26
e 10 27
e 10 28
e 10 35
e 10 38
e 10 43
e 10 45
e 10 46
e 11 16
e 11 21
e 11 22
e 11 23
e 11 24
e 11 25
e 11 27
e 11 30
e 11 33
e 11 35
e 11 42
e 11 43
e 11 47
e 11 48
e 11 49
e 12 14
e 12 17
e 12 23
e 12 24
e 12 31
e 12 32
e 12 34
e 12 40
e 12 43
e 12 45
e 12 49
e 13 23
e 13 27
e 13 30
e 13 31
e 13 32
e 13 33
e 13 37
e 13 42
e 13 46
e 13 47
e 14 16
e 14 22
e 14 28
e 14 29
e 14 30
e 14 35
e 14 37
e 14 44
e 14 46
e 14 47
e 14 49
e 15 16
e 15 22
e 15 23
e 15 27
e 15 31
e 15 37
e 15 38
e 15 39
e 15 41
e 15 42
e 15 44
e 15 46
e 16 21
e 16 24
e 16 29
e 16 38
e 16 40
e 16 42
e 17 19
e 17 25
e 17 27
e 17 28
e 17 30
e 17 33
e 17 36
e 18 19
e 18 25
e 18 26
e 18 33
e 18 35
e 18 41
e 18 43
e 18 48
e 18 49
e 19 22
e 19 38
e 19 40
e 19 42
e 19 43
e 19 46
e 20 27
e 20 30
e 20 36
e 20 38
e 20 39
e 20 41
e 21 25
e 21 32
e 21 33
e 21 43
e 21 44
e 21 47
e 22 23
e 22 29
e 22 33
e 22 44
e 22 48
e 22 49
e 23 24
e 23 29
e 23 30
e 23 32
e 23 34
e 23 38
e 23 42
e 23 49
e 24 26
e 24 28
e 24 30
e 24 32
e 24 38
e 24 40
e 24 42
e 24 44
e 24 45
e 24 47
e 24 49
e 25 35
e 25 38
e 25 39
e 25 40
e 25 42
e 25 44
e 25 45
e 25 47
e 26 27
e 26 28
e 26 30
e 26 33
e 26 38
e 26 39
e 26 42
e 26 44
e 26 47
e 27 28
e 27 29
e 27 31
e 27 34
e 27 37
e 27 47
e 28 33
e 28 34
e 28 39
e 28 42
e 28 43
e 28 49
e 29 31
e 29 40
e 29 49
e 30 32
e 30 36
e 30 37
e 30 46
e 30 48
e 31 32
e 31 35
e 32 37
e 32 43
e 32 45
e 33 38
e 33 45
e 33 47
e 33 48
e 34 35
e 34 36
e 34 37
e 34 39
e 34 41
e 34 42
e 34 43
e 34 45
e 34 49
e 35 37
e 35 40
e 35 41
e 35 46
e 36 37
e 36 41
e 36 46
e 36 47
e 37 39
e 37 44
e 37 46
e 37 47
e 38 42
e 38 45
e 38 46
e 39 40
e 40 42
e 40 49
e 41 42
e 41 45
e 41 46
e 41 49
e 42 47
e 43 47
e 44 45
e 44 48
e 45 47
e 45 48
e 45 49
e 46 48
e 47 49
e 48 49
cU 1 1 1 1 1 1 1 1 1 1 1 1 1 1 1 1 1 1 1 1 1 1 1 1 1 1 1 1 1 1 1 1 1 1 1 1 1 1 1 1 1 1 1 1 1 1 1 1 1 1
cL 1 1 1 1 1 1 1 1 1 1 1 1 1 1 1 1 1 1 1 1 1 1 1 1 1 1 1 1 1 1 1 1 1 1 1 1 1 1 1 1 1 1 1 1 1 1 1 1 1 1
iL 30 30 30 30 30 30 30 30 30 30 30 30 30 30 30 30 30 30 30 30 30 30 30 30 30 30 30 30 30 30 30 30 30 30 30 30 30 30 30 30 30 30 30 30 30 30 30 30 30 30
bU 30
bL 30