p 50 er 0.3 0.4 0.15 1.0 0.6
e 0 4
e 0 10
e 0 18
e 0 19
e 0 21
e 0 23
e 0 25
e 0 30
e 0 31
e 0 33
e 0 40
e 0 46
e 1 3
e 1 7
e 1 18
e 1 20
e 1 26
e 1 28
e 1 31
e 1 32
e 1 33
e 1 40
e 1 43
e 2 10
e 2 27
e 2 28
e 2 41
e 2 42
e 2 46
e 2 48
e 3 4
e 3 5
e 3 8
e 3 17
e 3 23
e 3 28
e 3 32
e 3 34
e 3 36
e 3 38
e 3 41
e 4 7
e 4 8
e 4 9
e 4 11
e 4 13
e 4 16
e 4 18
e 4 26
e 4 30
e 4 32
e 4 37
e 4 42
e 4 45
e 4 46
e 5 6
e 5 7
e 5 12
e 5 25
e 5 28
e 5 34
e 5 36
e 5 39
e 5 44
e 5 45
e 5 46
e 5 47
e 6 9
e 6 10
e 6 11
e 6 12
e 6 14
e 6 15
e 6 17
e 6 21
e 6 29
e 6 42
e 6 44
e 6 47
e 6 49
e 7 8
e 7 9
e 7 10
e 7 12
e 7 16
e 7 19
e 7 20
e 7 31
e 7 41
e 7 44
e 7 48
e 8 9
e 8 11
e 8 22
e 8 25
e 8 28
e 8 35
e 8 36
e 8 39
e 8 40
e 9 11
e 9 15
e 9 17
e 9 22
e 9 26
e 9 32
e 9 36
e 9 38
e 9 39
e 9 42
e 9 43
e 9 46
e 10 11
e 10 12
e 10 14
e 10 15
e 10 18
e 10 20
e 10 21
e 10 22
e 10 24
e 10 25
e 10 31
e 10 32
e 10 33
e 10 38
e 10 39
e 10 40
e 10 43
e 10 44
e 11 12
e 11 15
e 11 16
e 11 29
e 11 30
e 11 33
e 11 35
e 11 38
e 11 43
e 11 46
e 12 13
e 12 16
e 12 21
e 12 27
e 12 28
e 12 29
e 12 34
e 12 35
e 12 39
e 13 20
e 13 21
e 13 26
e 13 27
e 13 28
e 13 36
e 13 39
e 13 40
e 13 43
e 13 45
e 13 49
e 14 15
e 14 27
e 14 28
e 14 29
e 14 31
e 14 35
e 14 37
e 14 40
e 14 42
e 14 45
e 15 20
e 15 21
e 15 24
e 15 25
e 15 26
e 15 28
e 15 29
e 15 31
e 15 33
e 15 36
e 15 37
e 16 17
e 16 20
e 16 21
e 16 23
e 16 24
e 16 25
e 16 28
e 16 33
e 16 39
e 16 42
e 16 43
e 17 25
e 17 27
e 17 33
e 17 36
e 17 43
e 17 44
e 17 46
e 18 22
e 18 23
e 18 26
e 18 27
e 18 32
e 18 33
e 18 36
e 18 37
e 18 39
e 18 48
e 18 49
e 19 21
e 19 25
e 19 26
e 19 29
e 19 33
e 19 35
e 19 36
e 19 37
e 19 38
e 19 40
e 19 41
e 19 42
e 19 48
e 20 22
e 20 24
e 20 27
e 20 28
e 20 33
e 20 40
e 20 44
e 20 48
e 21 26
e 21 27
e 21 30
e 21 35
e 21 39
e 22 30
e 22 32
e 22 33
e 22 34
e 22 38
e 22 39
e 22 44
e 22 49
e 23 25
e 23 29
e 23 37
e 23 41
e 23 42
e 23 48
e 24 33
e 24 34
e 24 35
e 24 36
e 24 37
e 24 42
e 24 45
e 25 27
e 25 30
e 25 31
e 25 34
e 25 35
e 25 41
e 25 44
e 25 46
e 25 48
e 25 49
e 26 27
e 26 31
e 26 32
e 26 33
e 26 34
e 26 35
e 26 36
e 27 36
e 27 38
e 27 40
e 27 41
e 27 42
e 27 43
e 27 48
e 28 31
e 28 45
e 29 30
e 29 31
e 29 32
e 29 34
e 29 40
e 29 42
e 29 43
e 29 45
e 29 49
e 30 37
e 30 38
e 30 42
e 30 44
e 30 46
e 31 36
e 31 39
e 31 41
e 31 42
e 31 46
e 31 48
e 32 34
e 32 43
e 32 46
e 32 48
e 33 36
e 33 41
e 33 44
e 34 35
e 34 38
e 34 40
e 34 41
e 34 49
e 35 37
e 35 38
e 35 41
e 35 44
e 35 49
e 36 37
e 36 38
e 36 42
e 36 45
e 36 47
e 36 48
e 36 49
e 37 44
e 37 46
e 37 47
e 37 48
e 37 49
e 38 41
e 38 45
e 38 47
e 38 48
e 38 49
e 39 44
e 39 48
e 40 43
e 40 44
e 41 43
e 41 46
e 42 44
e 42 49
e 43 44
e 43 47
e 43 49
e 44 45
e 44 46
e 45 46
e 45 49
cU 1 1 1 1 1 1 1 1 1 1 1 1 1 1 1 1 1 1 1 1 1 1 1 1 1 1 1 1 1 1 1 1 1 1 1 1 1 1 1 1 1 1 1 1 1 1 1 1 1 1
cL 1 1 1 1 1 1 1 1 1 1 1 1 1 1 1 1 1 1 1 1 1 1 1 1 1 1 1 1 1 1 1 1 1 1 1 1 1 1 1 1 1 1 1 1 1 1 1 1 1 1
iL 30 30 30 30 30 30 30 30 30 30 30 30 30 30 30 30 30 30 30 30 30 30 30 30 30 30 30 30 30 30 30 30 30 30 30 30 30 30 30 30 30 30 30 30 30 30 30 30 30 30
bU 30
bL 30