p 50 er 0.3 0.1 0.15 1.0 0.6
e 0 1
e 0 2
e 0 4
e 0 7
e 0 8
e 0 10
e 0 11
e 0 15
e 0 16
e 0 17
e 0 18
e 0 23
e 0 28
e 0 32
e 0 37
e 0 39
e 0 46
e 0 47
e 0 49
e 1 3
e 1 7
e 1 10
e 1 11
e 1 13
e 1 14
e 1 17
e 1 23
e 1 24
e 1 26
e 1 27
e 1 29
e 1 32
e 1 35
e 1 41
e 1 47
e 1 48
e 2 7
e 2 9
e 2 11
e 2 15
e 2 17
e 2 19
e 2 23
e 2 26
e 2 27
e 2 29
e 2 42
e 2 43
e 2 44
e 2 45
e 2 46
e 2 48
e 3 6
e 3 8
e 3 18
e 3 22
e 3 24
e 3 25
e 3 28
e 3 29
e 3 30
e 3 36
e 3 37
e 3 40
e 3 48
e 4 28
e 4 29
e 4 35
e 4 40
e 4 42
e 4 43
e 5 9
e 5 11
e 5 15
e 5 29
e 5 31
e 5 32
e 5 45
e 5 48
e 5 49
e 6 10
e 6 11
e 6 13
e 6 14
e 6 15
e 6 16
e 6 18
e 6 22
e 6 24
e 6 28
e 6 30
e 6 31
e 6 39
e 6 41
e 6 46
e 6 47
e 6 48
e 7 11
e 7 16
e 7 24
e 7 25
e 7 28
e 7 39
e 7 40
e 7 41
e 7 47
e 7 49
e 8 10
e 8 19
e 8 28
e 8 29
e 8 30
e 8 32
e 8 34
e 8 38
e 8 40
e 9 11
e 9 12
e 9 20
e 9 21
e 9 24
e 9 25
e 9 27
e 9 32
e 9 36
e 9 38
e 9 42
e 10 12
e 10 16
e 10 19
e 10 20
e 10 30
e 10 35
e 10 38
e 10 44
e 10 45
e 10 49
e 11 14
e 11 15
e 11 18
e 11 24
e 11 29
e 11 31
e 11 32
e 11 42
e 11 47
e 12 14
e 12 22
e 12 24
e 12 27
e 12 30
e 12 37
e 12 39
e 12 42
e 12 43
e 12 44
e 12 46
e 13 21
e 13 23
e 13 25
e 13 30
e 13 41
e 13 45
e 14 23
e 14 30
e 14 31
e 14 32
e 14 33
e 14 46
e 14 48
e 15 16
e 15 17
e 15 20
e 15 24
e 15 25
e 15 30
e 15 31
e 15 38
e 15 42
e 15 44
e 15 49
e 16 18
e 16 20
e 16 23
e 16 24
e 16 25
e 16 28
e 16 30
e 16 35
e 16 40
e 16 43
e 16 44
e 16 49
e 17 18
e 17 20
e 17 21
e 17 23
e 17 26
e 17 30
e 17 35
e 17 37
e 17 48
e 18 23
e 18 25
e 18 31
e 18 37
e 18 42
e 18 46
e 19 20
e 19 27
e 19 28
e 19 32
e 19 33
e 19 34
e 19 37
e 19 38
e 19 47
e 20 27
e 20 29
e 20 47
e 20 48
e 21 23
e 21 26
e 21 28
e 21 30
e 21 40
e 21 41
e 21 43
e 21 45
e 21 47
e 22 25
e 22 26
e 22 27
e 22 30
e 22 33
e 22 37
e 22 39
e 22 40
e 22 41
e 22 44
e 23 28
e 23 30
e 23 31
e 23 33
e 23 35
e 23 36
e 23 37
e 23 38
e 23 40
e 23 46
e 23 49
e 24 31
e 24 35
e 24 40
e 24 43
e 24 46
e 24 49
e 25 28
e 25 33
e 25 36
e 25 39
e 25 41
e 25 43
e 26 30
e 26 31
e 26 36
e 26 37
e 26 38
e 26 43
e 27 28
e 27 30
e 27 33
e 27 34
e 27 37
e 27 40
e 27 42
e 27 43
e 27 48
e 28 30
e 28 31
e 28 33
e 28 35
e 28 36
e 28 37
e 28 38
e 28 42
e 29 31
e 29 32
e 29 33
e 29 40
e 29 43
e 29 44
e 29 48
e 30 33
e 30 35
e 30 42
e 30 43
e 30 47
e 31 35
e 31 38
e 31 40
e 31 44
e 31 49
e 32 33
e 32 34
e 32 41
e 32 46
e 33 34
e 33 35
e 33 48
e 34 36
e 34 37
e 34 40
e 34 45
e 34 47
e 35 38
e 35 39
e 35 43
e 35 47
e 35 48
e 35 49
e 36 37
e 36 45
e 36 47
e 37 39
e 37 40
e 37 43
e 37 47
e 38 43
e 38 47
e 38 48
e 38 49
e 39 45
e 39 48
e 40 42
e 40 43
e 40 44
e 40 46
e 40 47
e 41 42
e 42 45
e 42 46
e 42 48
e 42 49
e 43 44
e 43 46
e 44 46
e 44 47
e 44 49
e 45 49
e 47 48
e 47 49
cU 1 1 1 1 1 1 1 1 1 1 1 1 1 1 1 1 1 1 1 1 1 1 1 1 1 1 1 1 1 1 1 1 1 1 1 1 1 1 1 1 1 1 1 1 1 1 1 1 1 1
cL 1 1 1 1 1 1 1 1 1 1 1 1 1 1 1 1 1 1 1 1 1 1 1 1 1 1 1 1 1 1 1 1 1 1 1 1 1 1 1 1 1 1 1 1 1 1 1 1 1 1
iL 30 30 30 30 30 30 30 30 30 30 30 30 30 30 30 30 30 30 30 30 30 30 30 30 30 30 30 30 30 30 30 30 30 30 30 30 30 30 30 30 30 30 30 30 30 30 30 30 30 30
bU 30
bL 30