p 50 er 0.3 0.15 0.15 1.0 0.6
e 0 3
e 0 4
e 0 5
e 0 6
e 0 7
e 0 9
e 0 11
e 0 15
e 0 18
e 0 23
e 0 29
e 0 31
e 0 32
e 0 33
e 0 37
e 0 40
e 0 43
e 0 44
e 0 46
e 0 47
e 0 48
e 1 3
e 1 6
e 1 12
e 1 13
e 1 15
e 1 21
e 1 28
e 1 29
e 1 31
e 1 35
e 1 37
e 1 39
e 1 44
e 1 45
e 1 46
e 2 5
e 2 17
e 2 18
e 2 19
e 2 23
e 2 30
e 2 32
e 2 33
e 2 36
e 2 42
e 2 49
e 3 7
e 3 8
e 3 14
e 3 16
e 3 17
e 3 18
e 3 19
e 3 21
e 3 44
e 3 46
e 3 47
e 3 48
e 4 11
e 4 13
e 4 18
e 4 22
e 4 24
e 4 25
e 4 33
e 4 36
e 4 41
e 4 42
e 5 6
e 5 7
e 5 11
e 5 12
e 5 16
e 5 17
e 5 26
e 5 29
e 5 36
e 5 37
e 5 39
e 5 40
e 6 10
e 6 15
e 6 17
e 6 18
e 6 19
e 6 20
e 6 24
e 6 28
e 6 35
e 6 39
e 6 40
e 6 45
e 6 49
e 7 8
e 7 9
e 7 11
e 7 13
e 7 15
e 7 16
e 7 25
e 7 32
e 7 34
e 7 36
e 7 37
e 7 42
e 7 47
e 8 12
e 8 13
e 8 17
e 8 19
e 8 21
e 8 33
e 8 39
e 8 48
e 9 10
e 9 11
e 9 19
e 9 20
e 9 26
e 9 31
e 9 34
e 9 35
e 9 37
e 9 38
e 9 40
e 9 46
e 9 47
e 9 49
e 10 14
e 10 15
e 10 17
e 10 19
e 10 26
e 10 30
e 10 32
e 10 34
e 10 35
e 10 39
e 10 40
e 10 41
e 10 45
e 11 17
e 11 18
e 11 22
e 11 30
e 11 31
e 11 34
e 11 35
e 11 36
e 11 37
e 11 39
e 11 46
e 12 13
e 12 29
e 12 32
e 12 36
e 12 42
e 12 49
e 13 17
e 13 18
e 13 20
e 13 23
e 13 24
e 13 29
e 13 31
e 13 33
e 13 34
e 13 36
e 13 40
e 13 47
e 13 49
e 14 17
e 14 25
e 14 26
e 14 30
e 14 32
e 14 34
e 14 35
e 14 40
e 14 42
e 14 47
e 15 20
e 15 21
e 15 26
e 15 27
e 15 30
e 15 35
e 15 36
e 15 38
e 15 41
e 15 46
e 15 47
e 16 18
e 16 23
e 16 24
e 16 27
e 16 29
e 16 31
e 16 32
e 16 35
e 16 36
e 16 39
e 16 44
e 16 46
e 16 48
e 16 49
e 17 19
e 17 20
e 17 22
e 17 27
e 17 43
e 17 47
e 18 20
e 18 25
e 18 26
e 18 28
e 18 29
e 18 31
e 18 34
e 18 39
e 18 40
e 18 41
e 18 42
e 18 47
e 18 49
e 19 24
e 19 25
e 19 32
e 19 34
e 19 39
e 19 41
e 19 47
e 20 21
e 20 23
e 20 25
e 20 27
e 20 29
e 20 30
e 20 33
e 20 35
e 20 40
e 20 43
e 20 46
e 20 47
e 21 23
e 21 26
e 21 27
e 21 28
e 21 29
e 21 30
e 21 38
e 21 41
e 21 47
e 21 48
e 22 24
e 22 29
e 22 40
e 22 41
e 22 43
e 22 45
e 22 46
e 22 49
e 23 27
e 23 28
e 23 31
e 23 34
e 23 35
e 23 36
e 23 37
e 23 39
e 23 42
e 23 45
e 24 25
e 24 29
e 24 30
e 24 34
e 24 39
e 24 40
e 24 43
e 24 44
e 24 45
e 24 49
e 25 30
e 25 34
e 25 35
e 25 36
e 25 38
e 25 39
e 25 41
e 25 42
e 26 30
e 26 31
e 26 37
e 26 41
e 26 43
e 26 47
e 27 34
e 27 40
e 27 41
e 27 45
e 28 32
e 28 35
e 28 36
e 28 38
e 28 41
e 28 42
e 28 44
e 28 47
e 29 34
e 29 41
e 29 43
e 29 45
e 29 48
e 29 49
e 30 33
e 30 36
e 30 38
e 30 40
e 30 41
e 30 45
e 30 48
e 31 32
e 31 35
e 31 37
e 31 39
e 31 40
e 31 43
e 31 49
e 32 33
e 32 34
e 32 35
e 32 38
e 32 39
e 32 41
e 32 42
e 32 43
e 32 45
e 32 46
e 32 48
e 33 39
e 33 41
e 33 44
e 34 37
e 34 49
e 35 36
e 35 40
e 35 46
e 35 47
e 35 49
e 36 38
e 36 42
e 36 43
e 36 44
e 36 49
e 37 40
e 37 41
e 37 45
e 37 46
e 38 39
e 39 40
e 39 44
e 40 43
e 40 47
e 40 48
e 41 42
e 41 47
e 41 49
e 42 47
e 43 44
e 43 45
e 43 46
e 45 48
e 46 48
e 47 48
e 47 49
cU 1 1 1 1 1 1 1 1 1 1 1 1 1 1 1 1 1 1 1 1 1 1 1 1 1 1 1 1 1 1 1 1 1 1 1 1 1 1 1 1 1 1 1 1 1 1 1 1 1 1
cL 1 1 1 1 1 1 1 1 1 1 1 1 1 1 1 1 1 1 1 1 1 1 1 1 1 1 1 1 1 1 1 1 1 1 1 1 1 1 1 1 1 1 1 1 1 1 1 1 1 1
iL 30 30 30 30 30 30 30 30 30 30 30 30 30 30 30 30 30 30 30 30 30 30 30 30 30 30 30 30 30 30 30 30 30 30 30 30 30 30 30 30 30 30 30 30 30 30 30 30 30 30
bU 30
bL 30