p 50 er 0.3 0.15 0.15 1.0 0.6
e 0 5
e 0 6
e 0 11
e 0 12
e 0 19
e 0 26
e 0 31
e 0 33
e 0 35
e 0 42
e 0 44
e 0 48
e 0 49
e 1 7
e 1 10
e 1 12
e 1 13
e 1 16
e 1 18
e 1 25
e 1 27
e 1 34
e 1 35
e 1 41
e 1 42
e 1 47
e 1 49
e 2 4
e 2 7
e 2 11
e 2 14
e 2 16
e 2 17
e 2 18
e 2 23
e 2 25
e 2 29
e 2 31
e 2 32
e 2 38
e 2 42
e 2 46
e 2 47
e 2 48
e 3 4
e 3 5
e 3 10
e 3 16
e 3 21
e 3 27
e 3 30
e 3 36
e 3 38
e 3 39
e 3 44
e 4 9
e 4 10
e 4 13
e 4 19
e 4 20
e 4 21
e 4 22
e 4 24
e 4 25
e 4 26
e 4 27
e 4 29
e 4 30
e 4 31
e 4 34
e 4 46
e 4 47
e 4 49
e 5 8
e 5 10
e 5 16
e 5 20
e 5 28
e 5 29
e 5 30
e 5 31
e 5 32
e 5 34
e 5 35
e 5 40
e 5 41
e 5 42
e 5 43
e 5 47
e 6 25
e 6 32
e 6 39
e 6 41
e 6 43
e 6 45
e 6 48
e 7 10
e 7 27
e 7 28
e 7 33
e 7 35
e 7 42
e 7 45
e 7 46
e 8 12
e 8 13
e 8 14
e 8 15
e 8 17
e 8 18
e 8 19
e 8 21
e 8 24
e 8 26
e 8 27
e 8 31
e 8 34
e 8 37
e 8 40
e 8 41
e 8 49
e 9 13
e 9 14
e 9 17
e 9 30
e 9 34
e 9 35
e 9 40
e 9 41
e 9 42
e 9 46
e 9 48
e 10 16
e 10 18
e 10 26
e 10 30
e 10 36
e 10 37
e 10 39
e 10 40
e 10 41
e 10 45
e 10 47
e 10 49
e 11 13
e 11 15
e 11 17
e 11 20
e 11 22
e 11 24
e 11 28
e 11 29
e 11 33
e 11 34
e 11 44
e 11 46
e 12 16
e 12 20
e 12 21
e 12 24
e 12 28
e 12 34
e 12 35
e 12 36
e 12 38
e 12 40
e 12 41
e 12 45
e 12 46
e 13 14
e 13 16
e 13 17
e 13 19
e 13 24
e 13 25
e 13 28
e 13 30
e 13 36
e 13 44
e 13 45
e 14 15
e 14 16
e 14 20
e 14 22
e 14 24
e 14 28
e 14 30
e 14 31
e 14 32
e 14 34
e 14 37
e 14 39
e 14 40
e 14 45
e 14 47
e 14 49
e 15 21
e 15 24
e 15 29
e 15 34
e 15 35
e 15 40
e 15 42
e 15 47
e 16 20
e 16 21
e 16 29
e 16 31
e 16 35
e 16 37
e 16 44
e 16 46
e 16 47
e 17 19
e 17 20
e 17 21
e 17 24
e 17 25
e 17 28
e 17 29
e 17 32
e 17 38
e 17 39
e 17 41
e 17 45
e 18 20
e 18 24
e 18 26
e 18 27
e 18 32
e 18 34
e 18 36
e 18 37
e 18 39
e 18 41
e 18 43
e 18 48
e 18 49
e 19 24
e 19 25
e 19 27
e 19 29
e 19 30
e 19 31
e 19 43
e 19 46
e 20 27
e 20 28
e 20 29
e 20 33
e 20 34
e 20 37
e 20 38
e 20 39
e 20 43
e 20 46
e 20 48
e 21 22
e 21 24
e 21 25
e 21 27
e 21 42
e 21 43
e 21 44
e 21 49
e 22 34
e 22 35
e 22 47
e 22 49
e 23 25
e 23 31
e 23 34
e 23 36
e 23 39
e 23 43
e 23 46
e 24 26
e 24 31
e 24 38
e 24 39
e 24 46
e 24 47
e 25 26
e 25 38
e 25 44
e 25 45
e 25 48
e 25 49
e 26 28
e 26 29
e 26 31
e 26 33
e 26 36
e 26 38
e 26 39
e 26 46
e 26 49
e 27 28
e 27 29
e 27 33
e 27 37
e 27 44
e 27 46
e 27 47
e 27 49
e 28 29
e 28 32
e 28 33
e 28 34
e 28 36
e 28 46
e 28 47
e 28 49
e 29 32
e 29 37
e 29 38
e 29 40
e 29 45
e 29 49
e 30 38
e 30 40
e 30 41
e 30 45
e 30 48
e 31 36
e 31 37
e 31 43
e 31 45
e 31 47
e 31 48
e 31 49
e 32 37
e 32 40
e 32 41
e 32 43
e 32 45
e 32 47
e 33 38
e 33 39
e 33 40
e 34 35
e 34 36
e 34 37
e 34 39
e 34 40
e 34 41
e 34 43
e 34 46
e 34 48
e 35 37
e 35 38
e 35 42
e 35 45
e 35 48
e 36 37
e 36 38
e 36 43
e 38 39
e 38 46
e 38 48
e 39 41
e 39 42
e 39 45
e 39 46
e 39 47
e 40 44
e 40 45
e 41 43
e 41 44
e 41 46
e 42 43
e 42 46
e 43 47
e 44 47
e 44 49
e 47 49
cU 1 1 1 1 1 1 1 1 1 1 1 1 1 1 1 1 1 1 1 1 1 1 1 1 1 1 1 1 1 1 1 1 1 1 1 1 1 1 1 1 1 1 1 1 1 1 1 1 1 1
cL 1 1 1 1 1 1 1 1 1 1 1 1 1 1 1 1 1 1 1 1 1 1 1 1 1 1 1 1 1 1 1 1 1 1 1 1 1 1 1 1 1 1 1 1 1 1 1 1 1 1
iL 30 30 30 30 30 30 30 30 30 30 30 30 30 30 30 30 30 30 30 30 30 30 30 30 30 30 30 30 30 30 30 30 30 30 30 30 30 30 30 30 30 30 30 30 30 30 30 30 30 30
bU 30
bL 30