p 50 er 0.3 0.2 0.05 1.0 0.6
e 0 2
e 0 5
e 0 7
e 0 12
e 0 16
e 0 24
e 0 27
e 0 30
e 0 40
e 0 41
e 0 42
e 0 46
e 0 48
e 0 49
e 1 6
e 1 12
e 1 13
e 1 15
e 1 16
e 1 18
e 1 19
e 1 20
e 1 21
e 1 23
e 1 27
e 1 31
e 1 35
e 1 37
e 1 40
e 1 44
e 1 46
e 1 47
e 1 49
e 2 4
e 2 8
e 2 13
e 2 14
e 2 19
e 2 22
e 2 23
e 2 27
e 2 28
e 2 29
e 2 30
e 2 35
e 2 43
e 2 46
e 2 49
e 3 5
e 3 6
e 3 10
e 3 13
e 3 14
e 3 20
e 3 27
e 3 29
e 3 31
e 3 32
e 3 33
e 3 37
e 3 40
e 3 43
e 3 45
e 3 46
e 4 8
e 4 13
e 4 14
e 4 29
e 4 30
e 4 32
e 4 33
e 4 40
e 4 44
e 5 18
e 5 20
e 5 22
e 5 25
e 5 28
e 5 29
e 5 30
e 5 33
e 5 37
e 5 38
e 5 45
e 6 10
e 6 11
e 6 19
e 6 21
e 6 22
e 6 26
e 6 31
e 6 38
e 6 39
e 6 49
e 7 8
e 7 9
e 7 12
e 7 13
e 7 18
e 7 20
e 7 21
e 7 23
e 7 25
e 7 30
e 7 31
e 7 33
e 7 35
e 7 37
e 7 39
e 7 40
e 7 41
e 7 43
e 7 45
e 7 47
e 8 10
e 8 12
e 8 14
e 8 17
e 8 20
e 8 21
e 8 22
e 8 25
e 8 27
e 8 28
e 8 30
e 8 31
e 8 32
e 8 35
e 8 40
e 8 43
e 8 45
e 8 47
e 8 48
e 9 14
e 9 20
e 9 21
e 9 22
e 9 29
e 9 33
e 9 34
e 9 37
e 9 38
e 9 41
e 9 42
e 9 45
e 10 15
e 10 17
e 10 25
e 10 26
e 10 30
e 10 32
e 10 34
e 10 38
e 10 42
e 10 49
e 11 14
e 11 20
e 11 21
e 11 25
e 11 26
e 11 28
e 11 34
e 11 38
e 11 42
e 11 43
e 11 44
e 11 46
e 11 47
e 12 22
e 12 33
e 12 34
e 12 35
e 12 37
e 12 40
e 12 43
e 12 45
e 12 47
e 13 14
e 13 15
e 13 17
e 13 29
e 13 31
e 13 32
e 13 36
e 13 42
e 13 45
e 13 47
e 13 48
e 14 19
e 14 21
e 14 37
e 14 45
e 14 47
e 15 24
e 15 25
e 15 36
e 15 38
e 15 41
e 15 43
e 15 47
e 15 48
e 16 17
e 16 20
e 16 21
e 16 29
e 16 30
e 16 33
e 16 35
e 16 39
e 16 40
e 16 42
e 16 44
e 16 47
e 17 19
e 17 21
e 17 23
e 17 41
e 17 49
e 18 22
e 18 26
e 18 27
e 18 29
e 18 31
e 18 38
e 18 42
e 18 45
e 19 21
e 19 22
e 19 25
e 19 27
e 19 31
e 19 32
e 19 34
e 19 49
e 20 28
e 20 30
e 20 37
e 20 38
e 20 40
e 20 43
e 20 46
e 20 47
e 20 48
e 21 25
e 21 30
e 21 32
e 21 33
e 21 37
e 21 42
e 21 43
e 21 45
e 21 49
e 22 27
e 22 29
e 22 30
e 22 31
e 22 32
e 22 42
e 22 43
e 22 49
e 23 27
e 23 32
e 23 38
e 24 26
e 24 34
e 24 35
e 24 36
e 24 38
e 24 44
e 24 45
e 24 47
e 24 49
e 25 26
e 25 28
e 25 29
e 25 30
e 25 31
e 25 32
e 25 34
e 25 36
e 25 39
e 25 41
e 25 46
e 26 28
e 26 33
e 26 35
e 26 39
e 26 41
e 26 42
e 26 46
e 26 49
e 27 28
e 27 29
e 27 33
e 27 40
e 27 45
e 27 46
e 27 47
e 27 48
e 27 49
e 28 34
e 28 36
e 28 38
e 28 40
e 28 44
e 28 47
e 29 30
e 29 31
e 29 36
e 29 37
e 29 43
e 29 44
e 29 48
e 29 49
e 30 34
e 30 35
e 30 39
e 30 40
e 30 43
e 31 34
e 31 36
e 31 39
e 31 41
e 31 42
e 32 38
e 32 40
e 32 46
e 32 47
e 33 34
e 33 37
e 33 39
e 33 45
e 33 48
e 34 36
e 34 37
e 34 45
e 34 48
e 35 37
e 36 44
e 36 49
e 37 40
e 37 45
e 38 39
e 38 41
e 38 42
e 38 49
e 39 40
e 39 43
e 39 46
e 39 47
e 39 49
e 40 43
e 40 44
e 40 48
e 41 44
e 41 45
e 41 48
e 41 49
e 42 46
e 43 44
e 43 45
e 43 46
e 43 49
e 45 48
e 46 48
e 46 49
e 47 48
cU 1 1 1 1 1 1 1 1 1 1 1 1 1 1 1 1 1 1 1 1 1 1 1 1 1 1 1 1 1 1 1 1 1 1 1 1 1 1 1 1 1 1 1 1 1 1 1 1 1 1
cL 1 1 1 1 1 1 1 1 1 1 1 1 1 1 1 1 1 1 1 1 1 1 1 1 1 1 1 1 1 1 1 1 1 1 1 1 1 1 1 1 1 1 1 1 1 1 1 1 1 1
iL 30 30 30 30 30 30 30 30 30 30 30 30 30 30 30 30 30 30 30 30 30 30 30 30 30 30 30 30 30 30 30 30 30 30 30 30 30 30 30 30 30 30 30 30 30 30 30 30 30 30
bU 30
bL 30