p 50 er 0.3 0.2 0.15 1.0 0.6
e 0 2
e 0 7
e 0 8
e 0 9
e 0 11
e 0 12
e 0 14
e 0 18
e 0 23
e 0 35
e 0 36
e 0 38
e 0 39
e 0 41
e 0 43
e 0 47
e 0 49
e 1 3
e 1 5
e 1 10
e 1 13
e 1 17
e 1 19
e 1 21
e 1 23
e 1 27
e 1 29
e 1 30
e 1 32
e 1 33
e 1 34
e 1 35
e 1 37
e 1 41
e 1 42
e 1 43
e 1 45
e 2 5
e 2 8
e 2 9
e 2 13
e 2 14
e 2 18
e 2 21
e 2 24
e 2 26
e 2 30
e 2 33
e 2 36
e 2 37
e 2 38
e 2 39
e 2 45
e 2 46
e 2 47
e 2 48
e 3 8
e 3 10
e 3 22
e 3 23
e 3 24
e 3 25
e 3 27
e 3 36
e 3 38
e 3 39
e 3 40
e 3 41
e 3 42
e 3 45
e 3 48
e 4 13
e 4 15
e 4 17
e 4 18
e 4 21
e 4 24
e 4 27
e 4 28
e 4 30
e 4 31
e 4 32
e 4 37
e 4 38
e 4 42
e 4 43
e 4 44
e 4 45
e 5 7
e 5 10
e 5 15
e 5 19
e 5 20
e 5 21
e 5 25
e 5 27
e 5 32
e 5 40
e 5 41
e 6 8
e 6 15
e 6 19
e 6 28
e 6 30
e 6 31
e 6 33
e 6 34
e 6 36
e 6 44
e 6 49
e 7 8
e 7 9
e 7 15
e 7 18
e 7 20
e 7 21
e 7 22
e 7 24
e 7 25
e 7 27
e 7 28
e 7 29
e 7 38
e 7 39
e 7 45
e 7 46
e 8 9
e 8 17
e 8 18
e 8 20
e 8 23
e 8 31
e 8 43
e 8 48
e 9 11
e 9 12
e 9 13
e 9 29
e 9 30
e 9 33
e 9 39
e 9 40
e 9 42
e 9 48
e 10 11
e 10 16
e 10 18
e 10 22
e 10 26
e 10 32
e 10 36
e 10 38
e 10 49
e 11 12
e 11 13
e 11 14
e 11 17
e 11 22
e 11 23
e 11 24
e 11 26
e 11 29
e 11 34
e 11 35
e 11 37
e 11 38
e 11 39
e 11 44
e 12 22
e 12 23
e 12 24
e 12 26
e 12 27
e 12 30
e 12 31
e 12 39
e 12 42
e 12 43
e 12 45
e 12 48
e 12 49
e 13 14
e 13 16
e 13 22
e 13 23
e 13 28
e 13 33
e 13 36
e 13 42
e 14 16
e 14 17
e 14 18
e 14 21
e 14 22
e 14 24
e 14 29
e 14 33
e 14 37
e 14 41
e 15 16
e 15 20
e 15 27
e 15 30
e 15 34
e 15 38
e 15 43
e 15 49
e 16 20
e 16 25
e 16 27
e 16 28
e 16 31
e 16 33
e 16 39
e 16 46
e 16 47
e 16 48
e 16 49
e 17 20
e 17 24
e 17 27
e 17 29
e 17 32
e 17 33
e 17 35
e 17 36
e 17 37
e 17 38
e 17 39
e 17 41
e 17 45
e 17 49
e 18 20
e 18 25
e 18 27
e 18 28
e 18 29
e 18 30
e 18 40
e 18 48
e 18 49
e 19 20
e 19 22
e 19 29
e 19 30
e 19 33
e 19 34
e 19 36
e 19 43
e 19 45
e 20 21
e 20 25
e 20 30
e 20 34
e 20 36
e 20 37
e 20 39
e 20 43
e 20 45
e 20 47
e 21 26
e 21 29
e 21 30
e 21 31
e 21 36
e 21 40
e 21 42
e 21 44
e 21 49
e 22 25
e 22 26
e 22 32
e 22 34
e 22 43
e 22 45
e 22 46
e 23 26
e 23 31
e 23 35
e 23 37
e 23 41
e 23 45
e 23 46
e 23 47
e 23 49
e 24 25
e 24 35
e 24 37
e 24 39
e 24 43
e 24 47
e 25 26
e 25 27
e 25 28
e 25 33
e 25 37
e 25 47
e 25 48
e 26 29
e 26 30
e 26 31
e 26 33
e 26 34
e 26 35
e 26 36
e 26 39
e 26 42
e 26 44
e 26 45
e 27 29
e 27 36
e 27 41
e 27 48
e 28 37
e 28 43
e 29 33
e 29 34
e 29 36
e 29 37
e 29 44
e 29 48
e 30 31
e 30 32
e 30 34
e 30 37
e 30 38
e 30 44
e 30 46
e 31 36
e 31 39
e 31 45
e 31 46
e 32 35
e 32 38
e 32 42
e 32 44
e 32 45
e 32 49
e 33 40
e 33 43
e 33 46
e 33 47
e 33 48
e 34 35
e 34 36
e 34 45
e 34 47
e 34 48
e 35 36
e 35 37
e 35 41
e 35 42
e 35 47
e 36 37
e 36 45
e 36 47
e 36 48
e 37 47
e 37 49
e 38 45
e 38 49
e 39 40
e 39 49
e 40 41
e 40 43
e 40 48
e 40 49
e 41 46
e 41 48
e 42 44
e 42 49
e 43 46
e 43 48
e 44 46
e 45 46
e 45 47
e 45 49
e 46 49
e 48 49
cU 1 1 1 1 1 1 1 1 1 1 1 1 1 1 1 1 1 1 1 1 1 1 1 1 1 1 1 1 1 1 1 1 1 1 1 1 1 1 1 1 1 1 1 1 1 1 1 1 1 1
cL 1 1 1 1 1 1 1 1 1 1 1 1 1 1 1 1 1 1 1 1 1 1 1 1 1 1 1 1 1 1 1 1 1 1 1 1 1 1 1 1 1 1 1 1 1 1 1 1 1 1
iL 30 30 30 30 30 30 30 30 30 30 30 30 30 30 30 30 30 30 30 30 30 30 30 30 30 30 30 30 30 30 30 30 30 30 30 30 30 30 30 30 30 30 30 30 30 30 30 30 30 30
bU 30
bL 30