p 50 er 0.3 0.2 0.15 1.0 0.6
e 0 4
e 0 11
e 0 14
e 0 15
e 0 17
e 0 20
e 0 22
e 0 32
e 0 33
e 0 43
e 0 46
e 0 49
e 1 3
e 1 5
e 1 11
e 1 12
e 1 21
e 1 31
e 1 34
e 1 39
e 1 43
e 1 45
e 1 49
e 2 3
e 2 5
e 2 15
e 2 24
e 2 26
e 2 27
e 2 31
e 2 41
e 2 42
e 2 44
e 2 48
e 2 49
e 3 4
e 3 18
e 3 21
e 3 28
e 3 31
e 3 33
e 3 34
e 3 37
e 3 40
e 3 41
e 3 43
e 3 44
e 3 46
e 4 6
e 4 13
e 4 14
e 4 18
e 4 24
e 4 25
e 4 29
e 4 31
e 4 36
e 4 37
e 4 38
e 4 39
e 4 40
e 4 41
e 4 43
e 4 48
e 5 9
e 5 10
e 5 11
e 5 13
e 5 20
e 5 33
e 5 40
e 5 41
e 5 42
e 5 44
e 5 46
e 5 49
e 6 11
e 6 17
e 6 25
e 6 27
e 6 33
e 6 37
e 6 38
e 6 39
e 6 46
e 6 47
e 6 48
e 7 8
e 7 11
e 7 17
e 7 22
e 7 24
e 7 29
e 7 36
e 7 41
e 7 42
e 7 43
e 7 49
e 8 9
e 8 12
e 8 15
e 8 21
e 8 23
e 8 25
e 8 30
e 8 39
e 8 47
e 8 48
e 9 10
e 9 11
e 9 13
e 9 16
e 9 21
e 9 22
e 9 25
e 9 28
e 9 29
e 9 31
e 9 33
e 9 38
e 9 47
e 9 49
e 10 11
e 10 12
e 10 19
e 10 22
e 10 23
e 10 25
e 10 34
e 10 35
e 10 36
e 10 38
e 10 45
e 10 46
e 10 47
e 11 13
e 11 16
e 11 21
e 11 22
e 11 24
e 11 25
e 11 30
e 11 33
e 11 35
e 11 37
e 11 41
e 11 42
e 11 43
e 11 46
e 11 49
e 12 15
e 12 24
e 12 27
e 12 28
e 12 32
e 12 39
e 12 40
e 12 41
e 12 42
e 12 44
e 12 49
e 13 14
e 13 15
e 13 18
e 13 24
e 13 26
e 13 49
e 14 15
e 14 17
e 14 18
e 14 20
e 14 22
e 14 31
e 14 36
e 14 37
e 14 44
e 15 16
e 15 17
e 15 20
e 15 21
e 15 22
e 15 23
e 15 26
e 15 30
e 15 32
e 15 33
e 15 41
e 15 46
e 15 48
e 15 49
e 16 20
e 16 34
e 16 38
e 16 40
e 16 44
e 16 48
e 16 49
e 17 22
e 17 27
e 17 30
e 17 36
e 17 37
e 17 38
e 17 39
e 17 40
e 17 44
e 17 47
e 18 19
e 18 20
e 18 21
e 18 27
e 18 32
e 18 37
e 18 41
e 19 22
e 19 24
e 19 27
e 19 29
e 19 34
e 19 37
e 19 39
e 19 45
e 19 49
e 20 22
e 20 23
e 20 24
e 20 26
e 20 28
e 20 29
e 20 33
e 20 35
e 20 36
e 20 38
e 20 40
e 20 41
e 20 45
e 20 47
e 20 49
e 21 28
e 21 31
e 21 33
e 21 37
e 21 41
e 21 44
e 21 48
e 22 29
e 22 33
e 22 39
e 22 40
e 22 43
e 22 44
e 23 25
e 23 26
e 23 32
e 23 33
e 23 34
e 23 41
e 23 43
e 23 46
e 23 49
e 24 25
e 24 27
e 24 30
e 24 31
e 24 34
e 24 37
e 24 40
e 24 42
e 24 43
e 25 27
e 25 28
e 25 29
e 25 30
e 25 37
e 25 38
e 25 39
e 25 47
e 25 49
e 26 32
e 26 35
e 26 38
e 26 40
e 26 43
e 26 47
e 26 48
e 27 28
e 27 31
e 27 36
e 27 38
e 27 41
e 27 42
e 27 46
e 28 37
e 28 42
e 28 47
e 28 48
e 29 32
e 29 33
e 29 35
e 29 36
e 29 41
e 29 48
e 30 38
e 31 37
e 31 40
e 31 41
e 31 44
e 31 48
e 32 36
e 32 43
e 32 45
e 32 46
e 33 39
e 33 41
e 33 44
e 33 49
e 34 36
e 34 45
e 34 46
e 35 39
e 35 41
e 35 44
e 35 45
e 36 45
e 36 47
e 36 48
e 37 38
e 37 40
e 37 42
e 37 43
e 37 44
e 38 40
e 38 49
e 39 40
e 39 43
e 39 44
e 39 47
e 40 41
e 40 42
e 40 46
e 41 42
e 41 44
e 41 45
e 42 46
e 43 44
e 43 46
e 44 46
e 44 47
e 45 49
e 46 48
e 47 48
e 47 49
cU 1 1 1 1 1 1 1 1 1 1 1 1 1 1 1 1 1 1 1 1 1 1 1 1 1 1 1 1 1 1 1 1 1 1 1 1 1 1 1 1 1 1 1 1 1 1 1 1 1 1
cL 1 1 1 1 1 1 1 1 1 1 1 1 1 1 1 1 1 1 1 1 1 1 1 1 1 1 1 1 1 1 1 1 1 1 1 1 1 1 1 1 1 1 1 1 1 1 1 1 1 1
iL 30 30 30 30 30 30 30 30 30 30 30 30 30 30 30 30 30 30 30 30 30 30 30 30 30 30 30 30 30 30 30 30 30 30 30 30 30 30 30 30 30 30 30 30 30 30 30 30 30 30
bU 30
bL 30