p 50 er 0.3 0.2 0.05 1.0 0.6
e 0 10
e 0 12
e 0 13
e 0 14
e 0 15
e 0 21
e 0 24
e 0 26
e 0 29
e 0 39
e 0 44
e 0 47
e 0 48
e 1 9
e 1 15
e 1 16
e 1 17
e 1 19
e 1 20
e 1 27
e 1 40
e 1 42
e 1 45
e 1 49
e 2 15
e 2 17
e 2 18
e 2 20
e 2 25
e 2 28
e 2 31
e 2 33
e 2 35
e 2 37
e 2 38
e 2 39
e 3 5
e 3 6
e 3 14
e 3 27
e 3 30
e 3 31
e 3 34
e 3 38
e 3 40
e 3 41
e 3 47
e 3 48
e 4 6
e 4 8
e 4 11
e 4 12
e 4 14
e 4 17
e 4 19
e 4 22
e 4 24
e 4 31
e 4 35
e 4 36
e 4 37
e 4 38
e 4 40
e 4 46
e 4 48
e 5 6
e 5 11
e 5 12
e 5 15
e 5 20
e 5 22
e 5 25
e 5 26
e 5 29
e 5 32
e 5 37
e 5 39
e 5 43
e 5 45
e 6 8
e 6 9
e 6 10
e 6 12
e 6 15
e 6 19
e 6 23
e 6 25
e 6 31
e 6 32
e 6 36
e 6 38
e 6 41
e 6 48
e 7 9
e 7 11
e 7 13
e 7 14
e 7 15
e 7 18
e 7 21
e 7 22
e 7 23
e 7 24
e 7 32
e 7 34
e 7 38
e 7 42
e 7 46
e 7 47
e 7 49
e 8 11
e 8 13
e 8 17
e 8 21
e 8 24
e 8 27
e 8 29
e 8 34
e 8 35
e 8 37
e 8 38
e 8 41
e 8 43
e 8 45
e 8 48
e 9 15
e 9 19
e 9 23
e 9 24
e 9 30
e 9 32
e 9 37
e 9 38
e 9 45
e 9 46
e 9 49
e 10 15
e 10 17
e 10 18
e 10 21
e 10 23
e 10 24
e 10 25
e 10 26
e 10 29
e 10 30
e 10 32
e 10 36
e 10 38
e 10 42
e 10 45
e 11 13
e 11 14
e 11 18
e 11 23
e 11 29
e 11 33
e 11 39
e 11 42
e 11 43
e 11 44
e 11 45
e 12 14
e 12 15
e 12 22
e 12 25
e 12 26
e 12 33
e 12 35
e 12 42
e 12 43
e 12 47
e 12 48
e 13 15
e 13 19
e 13 26
e 13 27
e 13 30
e 13 31
e 13 37
e 13 39
e 13 43
e 13 45
e 13 47
e 13 48
e 14 16
e 14 18
e 14 19
e 14 31
e 14 32
e 14 33
e 14 36
e 14 43
e 14 47
e 15 16
e 15 17
e 15 18
e 15 20
e 15 23
e 15 24
e 15 25
e 15 27
e 15 29
e 15 33
e 15 34
e 15 38
e 15 39
e 16 25
e 16 27
e 16 29
e 16 33
e 16 36
e 16 42
e 17 19
e 17 22
e 17 23
e 17 24
e 17 26
e 17 27
e 17 29
e 17 30
e 17 33
e 17 34
e 17 35
e 17 36
e 17 42
e 17 48
e 18 23
e 18 30
e 18 34
e 18 46
e 18 48
e 18 49
e 19 22
e 19 23
e 19 26
e 19 27
e 19 34
e 19 43
e 19 45
e 19 49
e 20 21
e 20 22
e 20 24
e 20 26
e 20 27
e 20 28
e 20 30
e 20 31
e 20 34
e 20 38
e 20 40
e 20 43
e 20 45
e 20 46
e 20 47
e 20 49
e 21 22
e 21 26
e 21 30
e 21 32
e 21 33
e 21 34
e 21 35
e 21 37
e 21 38
e 21 39
e 21 43
e 21 44
e 21 45
e 21 48
e 22 24
e 22 26
e 22 27
e 22 29
e 22 30
e 22 31
e 22 32
e 22 36
e 22 37
e 22 44
e 23 25
e 23 26
e 23 31
e 23 33
e 23 34
e 23 37
e 23 39
e 23 43
e 24 25
e 24 26
e 24 29
e 24 30
e 24 31
e 24 34
e 24 36
e 24 41
e 24 44
e 24 45
e 24 47
e 24 49
e 25 27
e 25 28
e 25 31
e 25 32
e 25 35
e 25 37
e 25 39
e 25 40
e 25 46
e 25 49
e 26 27
e 26 35
e 26 38
e 26 40
e 26 42
e 26 49
e 27 30
e 27 32
e 27 36
e 27 39
e 27 42
e 27 43
e 27 47
e 28 29
e 28 32
e 28 36
e 28 40
e 29 31
e 29 34
e 29 37
e 29 40
e 29 41
e 29 43
e 29 45
e 29 48
e 30 36
e 30 37
e 30 39
e 30 41
e 30 43
e 30 44
e 31 32
e 31 33
e 31 36
e 31 37
e 31 39
e 31 40
e 31 45
e 31 46
e 31 48
e 32 40
e 33 34
e 33 37
e 34 36
e 34 38
e 34 40
e 34 42
e 34 44
e 34 48
e 35 37
e 35 39
e 35 48
e 36 44
e 36 47
e 36 48
e 37 43
e 37 44
e 37 48
e 38 41
e 38 46
e 38 47
e 38 48
e 39 45
e 39 47
e 39 48
e 40 42
e 40 43
e 40 44
e 40 45
e 41 44
e 41 48
e 42 45
e 42 46
e 42 49
e 43 45
e 44 47
e 44 48
e 45 49
e 46 49
cU 1 1 1 1 1 1 1 1 1 1 1 1 1 1 1 1 1 1 1 1 1 1 1 1 1 1 1 1 1 1 1 1 1 1 1 1 1 1 1 1 1 1 1 1 1 1 1 1 1 1
cL 1 1 1 1 1 1 1 1 1 1 1 1 1 1 1 1 1 1 1 1 1 1 1 1 1 1 1 1 1 1 1 1 1 1 1 1 1 1 1 1 1 1 1 1 1 1 1 1 1 1
iL 30 30 30 30 30 30 30 30 30 30 30 30 30 30 30 30 30 30 30 30 30 30 30 30 30 30 30 30 30 30 30 30 30 30 30 30 30 30 30 30 30 30 30 30 30 30 30 30 30 30
bU 30
bL 30