p 50 er 0.3 0.2 0.15 1.0 0.6
e 0 1
e 0 9
e 0 13
e 0 15
e 0 16
e 0 20
e 0 21
e 0 22
e 0 24
e 0 30
e 0 31
e 0 33
e 0 39
e 0 40
e 0 41
e 0 47
e 0 49
e 1 7
e 1 8
e 1 10
e 1 11
e 1 12
e 1 13
e 1 15
e 1 17
e 1 28
e 1 33
e 1 35
e 1 39
e 1 40
e 1 42
e 1 48
e 2 3
e 2 7
e 2 10
e 2 11
e 2 14
e 2 19
e 2 22
e 2 23
e 2 24
e 2 28
e 2 31
e 2 34
e 2 40
e 2 42
e 2 48
e 3 4
e 3 11
e 3 12
e 3 17
e 3 19
e 3 20
e 3 23
e 3 30
e 3 40
e 3 43
e 3 48
e 4 6
e 4 11
e 4 12
e 4 13
e 4 15
e 4 18
e 4 22
e 4 23
e 4 31
e 4 32
e 4 33
e 4 35
e 5 8
e 5 10
e 5 12
e 5 22
e 5 23
e 5 27
e 5 30
e 5 36
e 5 37
e 5 40
e 5 41
e 5 45
e 5 49
e 6 7
e 6 9
e 6 10
e 6 15
e 6 16
e 6 17
e 6 18
e 6 19
e 6 20
e 6 25
e 6 32
e 6 36
e 6 44
e 7 10
e 7 11
e 7 13
e 7 23
e 7 24
e 7 27
e 7 28
e 7 33
e 7 36
e 7 39
e 7 42
e 7 45
e 8 11
e 8 12
e 8 13
e 8 16
e 8 17
e 8 21
e 8 29
e 8 33
e 8 36
e 8 37
e 8 42
e 8 46
e 8 48
e 8 49
e 9 22
e 9 23
e 9 25
e 9 31
e 9 33
e 9 36
e 9 38
e 9 39
e 9 41
e 9 43
e 9 49
e 10 11
e 10 12
e 10 23
e 10 24
e 10 27
e 10 29
e 10 30
e 10 31
e 10 33
e 10 34
e 10 36
e 10 39
e 10 40
e 10 47
e 10 49
e 11 15
e 11 16
e 11 17
e 11 20
e 11 25
e 11 26
e 11 28
e 11 31
e 11 47
e 11 48
e 12 20
e 12 22
e 12 25
e 12 30
e 12 34
e 12 35
e 12 37
e 12 46
e 13 16
e 13 21
e 13 22
e 13 26
e 13 27
e 13 29
e 13 31
e 13 32
e 13 38
e 13 44
e 13 48
e 13 49
e 14 15
e 14 16
e 14 23
e 14 25
e 14 26
e 14 35
e 14 37
e 14 39
e 14 40
e 14 41
e 14 42
e 14 49
e 15 16
e 15 17
e 15 21
e 15 23
e 15 25
e 15 26
e 15 30
e 15 32
e 15 34
e 15 35
e 15 40
e 15 42
e 15 46
e 16 17
e 16 19
e 16 23
e 16 24
e 16 29
e 16 31
e 16 34
e 16 37
e 16 38
e 16 41
e 16 45
e 16 48
e 16 49
e 17 20
e 17 21
e 17 24
e 17 33
e 17 34
e 17 35
e 17 38
e 17 41
e 17 42
e 17 45
e 17 49
e 18 20
e 18 34
e 18 41
e 18 44
e 18 48
e 18 49
e 19 20
e 19 30
e 19 31
e 19 36
e 19 40
e 19 41
e 19 45
e 20 21
e 20 23
e 20 28
e 20 29
e 20 32
e 20 34
e 20 49
e 21 25
e 21 28
e 21 34
e 21 40
e 21 41
e 21 45
e 21 48
e 22 26
e 22 29
e 22 30
e 22 33
e 22 36
e 22 38
e 22 39
e 22 42
e 22 43
e 22 44
e 22 45
e 22 49
e 23 26
e 23 27
e 23 30
e 23 31
e 23 36
e 23 37
e 23 38
e 23 46
e 23 49
e 24 27
e 24 29
e 24 30
e 24 31
e 24 34
e 24 38
e 24 39
e 24 40
e 24 41
e 24 42
e 24 43
e 24 44
e 24 47
e 25 28
e 25 29
e 25 30
e 25 33
e 25 35
e 25 37
e 25 38
e 25 39
e 25 40
e 25 41
e 25 46
e 26 41
e 26 42
e 27 28
e 27 30
e 27 34
e 27 37
e 27 44
e 27 48
e 28 34
e 28 43
e 28 44
e 28 46
e 28 48
e 29 30
e 29 31
e 29 34
e 29 35
e 29 44
e 29 45
e 30 36
e 30 38
e 30 40
e 30 41
e 30 42
e 30 43
e 30 46
e 31 38
e 31 39
e 31 41
e 31 46
e 32 33
e 32 34
e 32 36
e 32 38
e 32 43
e 32 45
e 32 47
e 32 49
e 33 35
e 33 37
e 33 38
e 33 39
e 33 43
e 33 46
e 33 49
e 34 36
e 34 39
e 34 41
e 34 43
e 34 44
e 34 45
e 34 46
e 34 48
e 36 37
e 36 38
e 36 43
e 36 44
e 36 49
e 37 40
e 37 43
e 37 49
e 38 40
e 38 41
e 38 42
e 38 46
e 38 49
e 39 40
e 39 42
e 39 45
e 39 46
e 39 47
e 39 49
e 40 41
e 40 42
e 40 43
e 40 44
e 40 47
e 40 49
e 41 42
e 41 45
e 41 48
e 42 45
e 42 47
e 44 49
e 48 49
cU 1 1 1 1 1 1 1 1 1 1 1 1 1 1 1 1 1 1 1 1 1 1 1 1 1 1 1 1 1 1 1 1 1 1 1 1 1 1 1 1 1 1 1 1 1 1 1 1 1 1
cL 1 1 1 1 1 1 1 1 1 1 1 1 1 1 1 1 1 1 1 1 1 1 1 1 1 1 1 1 1 1 1 1 1 1 1 1 1 1 1 1 1 1 1 1 1 1 1 1 1 1
iL 30 30 30 30 30 30 30 30 30 30 30 30 30 30 30 30 30 30 30 30 30 30 30 30 30 30 30 30 30 30 30 30 30 30 30 30 30 30 30 30 30 30 30 30 30 30 30 30 30 30
bU 30
bL 30