p 50 er 0.3 0.2 0.15 1.0 0.6
e 0 1
e 0 3
e 0 4
e 0 6
e 0 8
e 0 11
e 0 16
e 0 17
e 0 19
e 0 20
e 0 29
e 0 32
e 0 35
e 0 37
e 0 38
e 0 40
e 0 42
e 1 3
e 1 5
e 1 7
e 1 9
e 1 10
e 1 11
e 1 18
e 1 22
e 1 23
e 1 24
e 1 25
e 1 26
e 1 29
e 1 33
e 1 36
e 1 37
e 1 42
e 1 45
e 1 46
e 1 48
e 1 49
e 2 7
e 2 8
e 2 9
e 2 13
e 2 17
e 2 18
e 2 19
e 2 21
e 2 23
e 2 25
e 2 28
e 2 30
e 2 33
e 2 36
e 2 38
e 2 42
e 2 44
e 2 48
e 2 49
e 3 4
e 3 8
e 3 9
e 3 11
e 3 15
e 3 24
e 3 25
e 3 28
e 3 34
e 3 36
e 3 37
e 3 38
e 3 39
e 3 41
e 3 46
e 3 48
e 4 8
e 4 9
e 4 11
e 4 17
e 4 20
e 4 21
e 4 23
e 4 24
e 4 25
e 4 26
e 4 27
e 4 29
e 4 31
e 4 43
e 4 49
e 5 8
e 5 10
e 5 14
e 5 16
e 5 17
e 5 18
e 5 19
e 5 21
e 5 24
e 5 25
e 5 26
e 5 28
e 5 34
e 5 36
e 5 38
e 5 39
e 5 41
e 5 46
e 5 49
e 6 7
e 6 9
e 6 10
e 6 12
e 6 14
e 6 15
e 6 19
e 6 22
e 6 24
e 6 25
e 6 30
e 6 31
e 6 33
e 6 34
e 6 39
e 6 41
e 6 43
e 6 44
e 7 11
e 7 15
e 7 19
e 7 21
e 7 25
e 7 28
e 7 29
e 7 33
e 7 37
e 7 39
e 8 23
e 8 24
e 8 35
e 8 41
e 8 42
e 8 44
e 8 48
e 9 15
e 9 19
e 9 20
e 9 25
e 9 26
e 9 28
e 9 31
e 9 32
e 9 36
e 9 40
e 9 46
e 10 14
e 10 15
e 10 27
e 10 30
e 10 33
e 10 34
e 10 35
e 10 42
e 10 45
e 10 48
e 11 14
e 11 16
e 11 18
e 11 20
e 11 21
e 11 26
e 11 27
e 11 28
e 11 29
e 11 31
e 11 32
e 11 33
e 11 40
e 11 42
e 11 47
e 11 48
e 12 13
e 12 23
e 12 24
e 12 26
e 12 27
e 12 28
e 12 31
e 12 35
e 12 36
e 12 37
e 12 38
e 12 45
e 13 16
e 13 20
e 13 21
e 13 23
e 13 25
e 13 26
e 13 28
e 13 32
e 13 34
e 13 36
e 13 38
e 13 45
e 13 48
e 13 49
e 14 15
e 14 20
e 14 21
e 14 22
e 14 25
e 14 27
e 14 31
e 14 33
e 14 35
e 14 36
e 14 39
e 14 42
e 14 46
e 15 16
e 15 17
e 15 19
e 15 20
e 15 21
e 15 27
e 15 31
e 15 32
e 15 35
e 15 38
e 15 40
e 15 45
e 15 47
e 15 48
e 16 20
e 16 23
e 16 24
e 16 25
e 16 26
e 16 28
e 16 31
e 16 32
e 16 37
e 16 38
e 16 39
e 16 41
e 16 46
e 16 49
e 17 18
e 17 19
e 17 34
e 17 42
e 17 48
e 18 21
e 18 24
e 18 26
e 18 27
e 18 35
e 18 36
e 18 37
e 18 47
e 19 24
e 19 28
e 19 34
e 19 36
e 19 37
e 19 38
e 19 40
e 19 43
e 19 44
e 19 46
e 19 47
e 20 21
e 20 24
e 20 25
e 20 30
e 20 32
e 20 39
e 21 23
e 21 25
e 21 30
e 21 31
e 21 32
e 21 38
e 21 39
e 21 45
e 21 48
e 22 23
e 22 24
e 22 30
e 22 34
e 22 36
e 22 41
e 22 42
e 22 43
e 22 44
e 22 46
e 22 47
e 22 48
e 22 49
e 23 27
e 23 29
e 23 34
e 23 35
e 23 39
e 23 46
e 24 26
e 24 28
e 24 31
e 24 32
e 24 36
e 24 37
e 24 38
e 24 48
e 25 26
e 25 32
e 25 35
e 25 36
e 25 37
e 25 38
e 25 39
e 25 41
e 25 48
e 26 27
e 26 31
e 26 36
e 26 38
e 26 40
e 26 48
e 27 31
e 27 32
e 27 36
e 27 38
e 27 39
e 27 45
e 27 48
e 28 30
e 28 32
e 28 34
e 28 35
e 28 36
e 28 41
e 28 45
e 28 46
e 29 31
e 29 34
e 29 36
e 29 39
e 29 48
e 30 33
e 30 35
e 30 36
e 30 38
e 30 41
e 30 44
e 30 47
e 31 39
e 31 44
e 31 46
e 32 41
e 32 44
e 33 34
e 33 35
e 33 40
e 33 42
e 33 45
e 33 47
e 33 48
e 34 37
e 34 41
e 34 42
e 34 46
e 34 47
e 34 48
e 35 43
e 35 49
e 36 45
e 36 46
e 36 48
e 37 38
e 37 45
e 39 40
e 39 42
e 39 45
e 39 46
e 40 43
e 40 47
e 41 44
e 41 46
e 42 45
e 42 46
e 43 46
e 43 48
e 43 49
e 44 45
e 47 48
cU 1 1 1 1 1 1 1 1 1 1 1 1 1 1 1 1 1 1 1 1 1 1 1 1 1 1 1 1 1 1 1 1 1 1 1 1 1 1 1 1 1 1 1 1 1 1 1 1 1 1
cL 1 1 1 1 1 1 1 1 1 1 1 1 1 1 1 1 1 1 1 1 1 1 1 1 1 1 1 1 1 1 1 1 1 1 1 1 1 1 1 1 1 1 1 1 1 1 1 1 1 1
iL 30 30 30 30 30 30 30 30 30 30 30 30 30 30 30 30 30 30 30 30 30 30 30 30 30 30 30 30 30 30 30 30 30 30 30 30 30 30 30 30 30 30 30 30 30 30 30 30 30 30
bU 30
bL 30