p 50 er 0.3 0.1 0.15 1.0 0.6
e 0 6
e 0 14
e 0 19
e 0 20
e 0 22
e 0 30
e 0 32
e 0 36
e 0 38
e 0 44
e 0 48
e 0 49
e 1 2
e 1 7
e 1 8
e 1 10
e 1 14
e 1 16
e 1 17
e 1 23
e 1 27
e 1 33
e 1 37
e 1 43
e 1 48
e 2 3
e 2 6
e 2 8
e 2 9
e 2 11
e 2 12
e 2 13
e 2 16
e 2 25
e 2 26
e 2 28
e 2 29
e 2 32
e 2 33
e 2 36
e 2 37
e 2 40
e 2 42
e 3 5
e 3 11
e 3 13
e 3 16
e 3 18
e 3 20
e 3 23
e 3 25
e 3 27
e 3 36
e 3 38
e 3 41
e 3 43
e 3 46
e 3 48
e 4 5
e 4 6
e 4 8
e 4 15
e 4 18
e 4 22
e 4 29
e 4 30
e 4 34
e 4 37
e 4 40
e 4 42
e 4 45
e 4 46
e 4 48
e 4 49
e 5 7
e 5 12
e 5 14
e 5 27
e 5 30
e 5 35
e 5 37
e 5 41
e 5 43
e 6 9
e 6 11
e 6 14
e 6 15
e 6 19
e 6 22
e 6 27
e 6 34
e 6 36
e 6 43
e 6 45
e 6 46
e 6 47
e 7 8
e 7 13
e 7 18
e 7 23
e 7 28
e 7 30
e 7 31
e 7 32
e 7 33
e 7 36
e 7 38
e 7 41
e 7 42
e 7 43
e 8 17
e 8 19
e 8 22
e 8 23
e 8 27
e 8 28
e 8 29
e 8 32
e 8 33
e 8 34
e 8 48
e 9 12
e 9 13
e 9 14
e 9 16
e 9 22
e 9 24
e 9 25
e 9 29
e 9 33
e 9 36
e 9 43
e 9 48
e 10 11
e 10 12
e 10 16
e 10 17
e 10 18
e 10 22
e 10 23
e 10 24
e 10 31
e 10 32
e 10 35
e 10 39
e 11 12
e 11 13
e 11 17
e 11 18
e 11 22
e 11 23
e 11 26
e 11 27
e 11 32
e 11 40
e 11 41
e 11 45
e 11 46
e 11 47
e 12 19
e 12 20
e 12 22
e 12 25
e 12 27
e 12 30
e 12 34
e 12 36
e 12 45
e 12 47
e 12 49
e 13 15
e 13 16
e 13 27
e 13 34
e 13 35
e 13 44
e 13 45
e 13 48
e 14 16
e 14 19
e 14 20
e 14 21
e 14 23
e 14 26
e 14 28
e 14 35
e 14 36
e 14 37
e 14 40
e 14 47
e 14 48
e 14 49
e 15 16
e 15 18
e 15 22
e 15 23
e 15 27
e 15 28
e 15 34
e 15 36
e 15 44
e 15 49
e 16 17
e 16 19
e 16 20
e 16 30
e 16 32
e 16 38
e 16 42
e 16 44
e 16 49
e 17 22
e 17 28
e 17 29
e 17 30
e 17 31
e 17 33
e 17 38
e 17 39
e 17 42
e 17 44
e 18 19
e 18 26
e 18 29
e 18 31
e 18 32
e 18 41
e 18 42
e 18 46
e 19 20
e 19 23
e 19 28
e 19 34
e 19 37
e 19 39
e 19 46
e 19 49
e 20 21
e 20 23
e 20 26
e 20 32
e 20 34
e 20 39
e 20 44
e 21 24
e 21 26
e 21 32
e 21 34
e 21 36
e 21 39
e 21 43
e 21 44
e 21 47
e 22 26
e 22 29
e 22 37
e 22 38
e 22 39
e 22 41
e 22 45
e 22 46
e 22 47
e 22 49
e 23 24
e 23 38
e 23 42
e 23 43
e 23 46
e 23 48
e 24 25
e 24 27
e 24 28
e 24 34
e 24 36
e 24 39
e 24 43
e 24 46
e 24 47
e 25 26
e 25 29
e 25 35
e 25 36
e 25 40
e 25 48
e 26 28
e 26 35
e 26 36
e 26 37
e 26 38
e 26 47
e 27 31
e 27 32
e 27 38
e 27 42
e 27 44
e 27 47
e 27 48
e 28 34
e 28 39
e 28 45
e 28 48
e 29 39
e 29 45
e 30 32
e 30 38
e 30 39
e 30 46
e 30 49
e 31 33
e 31 43
e 32 34
e 32 38
e 32 42
e 32 44
e 32 46
e 32 47
e 33 38
e 33 45
e 33 46
e 33 48
e 34 36
e 34 39
e 34 44
e 34 46
e 34 47
e 34 48
e 34 49
e 35 38
e 35 43
e 35 49
e 36 37
e 36 43
e 36 44
e 36 48
e 37 45
e 37 46
e 38 40
e 38 41
e 38 43
e 38 45
e 39 40
e 39 41
e 39 44
e 40 42
e 40 43
e 40 49
e 41 42
e 41 44
e 41 45
e 41 47
e 41 48
e 42 43
e 42 45
e 42 46
e 42 48
e 42 49
e 43 44
e 44 45
e 44 49
e 46 48
e 46 49
e 48 49
cU 1 1 1 1 1 1 1 1 1 1 1 1 1 1 1 1 1 1 1 1 1 1 1 1 1 1 1 1 1 1 1 1 1 1 1 1 1 1 1 1 1 1 1 1 1 1 1 1 1 1
cL 1 1 1 1 1 1 1 1 1 1 1 1 1 1 1 1 1 1 1 1 1 1 1 1 1 1 1 1 1 1 1 1 1 1 1 1 1 1 1 1 1 1 1 1 1 1 1 1 1 1
iL 30 30 30 30 30 30 30 30 30 30 30 30 30 30 30 30 30 30 30 30 30 30 30 30 30 30 30 30 30 30 30 30 30 30 30 30 30 30 30 30 30 30 30 30 30 30 30 30 30 30
bU 30
bL 30