p 50 er 0.3 0.2 0.15 1.0 0.6
e 0 2
e 0 6
e 0 12
e 0 14
e 0 16
e 0 17
e 0 18
e 0 19
e 0 22
e 0 25
e 0 30
e 0 35
e 0 39
e 0 40
e 0 44
e 0 45
e 0 49
e 1 7
e 1 8
e 1 9
e 1 11
e 1 12
e 1 14
e 1 15
e 1 18
e 1 19
e 1 27
e 1 28
e 1 31
e 1 36
e 1 37
e 1 42
e 2 5
e 2 6
e 2 8
e 2 11
e 2 12
e 2 14
e 2 20
e 2 22
e 2 28
e 2 29
e 2 30
e 2 31
e 2 33
e 2 36
e 2 37
e 2 38
e 2 44
e 3 4
e 3 33
e 3 34
e 3 39
e 3 42
e 3 47
e 3 49
e 4 5
e 4 14
e 4 17
e 4 21
e 4 25
e 4 26
e 4 28
e 4 31
e 4 35
e 4 36
e 4 37
e 4 40
e 4 41
e 4 42
e 5 7
e 5 11
e 5 16
e 5 21
e 5 23
e 5 25
e 5 31
e 5 34
e 5 35
e 5 38
e 5 42
e 5 45
e 6 8
e 6 13
e 6 14
e 6 15
e 6 23
e 6 26
e 6 37
e 6 40
e 6 41
e 6 42
e 6 49
e 7 18
e 7 20
e 7 21
e 7 25
e 7 27
e 7 28
e 7 29
e 7 31
e 7 32
e 7 34
e 7 36
e 7 38
e 7 39
e 7 45
e 7 48
e 8 15
e 8 18
e 8 22
e 8 28
e 8 35
e 8 36
e 8 38
e 8 43
e 8 45
e 8 47
e 9 14
e 9 18
e 9 19
e 9 20
e 9 21
e 9 23
e 9 27
e 9 32
e 9 33
e 9 34
e 9 36
e 9 38
e 9 45
e 9 46
e 10 14
e 10 19
e 10 20
e 10 22
e 10 26
e 10 28
e 10 32
e 10 34
e 10 39
e 10 42
e 10 47
e 10 49
e 11 17
e 11 20
e 11 21
e 11 24
e 11 27
e 11 38
e 11 42
e 11 45
e 12 15
e 12 16
e 12 22
e 12 27
e 12 35
e 12 36
e 12 37
e 12 40
e 12 41
e 12 42
e 12 48
e 13 16
e 13 17
e 13 21
e 13 22
e 13 23
e 13 25
e 13 34
e 13 35
e 13 36
e 13 39
e 13 42
e 13 44
e 13 46
e 13 49
e 14 17
e 14 21
e 14 25
e 14 26
e 14 27
e 14 28
e 14 29
e 14 38
e 14 46
e 14 47
e 14 49
e 15 17
e 15 19
e 15 21
e 15 25
e 15 35
e 15 36
e 15 37
e 15 38
e 15 40
e 15 44
e 15 46
e 16 17
e 16 25
e 16 42
e 16 43
e 16 45
e 17 27
e 17 31
e 17 34
e 17 38
e 17 40
e 17 41
e 17 42
e 17 44
e 17 45
e 18 22
e 18 28
e 18 29
e 18 31
e 18 34
e 18 38
e 18 40
e 18 48
e 18 49
e 19 25
e 19 31
e 19 33
e 19 35
e 19 39
e 19 42
e 19 43
e 19 44
e 19 45
e 19 47
e 20 23
e 20 24
e 20 28
e 20 32
e 20 34
e 20 38
e 20 43
e 20 44
e 20 48
e 20 49
e 21 25
e 21 26
e 21 27
e 21 28
e 21 31
e 21 35
e 21 36
e 21 42
e 21 43
e 21 45
e 21 46
e 21 47
e 22 23
e 22 28
e 22 36
e 22 45
e 22 46
e 22 48
e 23 25
e 23 26
e 23 31
e 23 37
e 23 38
e 23 39
e 23 40
e 23 47
e 24 26
e 24 28
e 24 32
e 24 33
e 24 34
e 24 35
e 24 36
e 24 37
e 24 43
e 24 45
e 24 48
e 24 49
e 25 29
e 25 34
e 25 37
e 25 41
e 25 43
e 25 47
e 26 28
e 26 33
e 26 34
e 26 38
e 26 42
e 26 43
e 26 44
e 26 48
e 26 49
e 27 31
e 27 38
e 27 42
e 27 43
e 27 49
e 28 35
e 28 40
e 28 42
e 28 43
e 28 44
e 29 31
e 29 34
e 29 38
e 30 31
e 30 34
e 30 39
e 30 46
e 30 47
e 30 48
e 30 49
e 31 35
e 31 36
e 31 37
e 31 39
e 31 42
e 31 47
e 32 36
e 32 40
e 32 46
e 32 47
e 32 49
e 33 34
e 33 36
e 33 39
e 33 41
e 33 42
e 34 40
e 34 41
e 34 42
e 34 44
e 34 45
e 34 46
e 34 47
e 34 48
e 35 36
e 35 41
e 35 43
e 35 44
e 36 37
e 36 38
e 36 39
e 36 40
e 36 42
e 36 47
e 37 38
e 37 40
e 37 48
e 38 40
e 38 45
e 38 49
e 39 42
e 39 48
e 40 42
e 40 45
e 40 48
e 40 49
e 41 48
e 42 48
e 43 47
e 45 47
e 45 49
e 46 49
e 47 49
e 48 49
cU 1 1 1 1 1 1 1 1 1 1 1 1 1 1 1 1 1 1 1 1 1 1 1 1 1 1 1 1 1 1 1 1 1 1 1 1 1 1 1 1 1 1 1 1 1 1 1 1 1 1
cL 1 1 1 1 1 1 1 1 1 1 1 1 1 1 1 1 1 1 1 1 1 1 1 1 1 1 1 1 1 1 1 1 1 1 1 1 1 1 1 1 1 1 1 1 1 1 1 1 1 1
iL 30 30 30 30 30 30 30 30 30 30 30 30 30 30 30 30 30 30 30 30 30 30 30 30 30 30 30 30 30 30 30 30 30 30 30 30 30 30 30 30 30 30 30 30 30 30 30 30 30 30
bU 30
bL 30