p 50 er 0.3 0.2 0.05 1.0 0.6
e 0 1
e 0 2
e 0 3
e 0 12
e 0 13
e 0 17
e 0 18
e 0 20
e 0 22
e 0 25
e 0 37
e 0 42
e 0 45
e 0 47
e 1 3
e 1 8
e 1 9
e 1 10
e 1 13
e 1 15
e 1 24
e 1 26
e 1 27
e 1 34
e 1 37
e 1 39
e 1 42
e 1 43
e 1 46
e 2 3
e 2 7
e 2 9
e 2 12
e 2 13
e 2 15
e 2 17
e 2 25
e 2 30
e 2 32
e 2 38
e 2 39
e 2 45
e 2 46
e 2 47
e 2 48
e 3 10
e 3 14
e 3 15
e 3 18
e 3 19
e 3 21
e 3 22
e 3 27
e 3 28
e 3 29
e 3 31
e 3 33
e 3 34
e 3 38
e 3 39
e 3 43
e 4 5
e 4 9
e 4 10
e 4 11
e 4 19
e 4 27
e 4 28
e 4 31
e 4 32
e 4 37
e 4 48
e 5 10
e 5 11
e 5 16
e 5 22
e 5 30
e 5 31
e 5 33
e 5 35
e 5 39
e 5 40
e 5 41
e 5 42
e 5 46
e 5 48
e 6 7
e 6 8
e 6 9
e 6 10
e 6 14
e 6 15
e 6 20
e 6 26
e 6 32
e 6 33
e 6 35
e 6 37
e 6 41
e 6 42
e 6 43
e 6 44
e 6 45
e 7 10
e 7 16
e 7 25
e 7 27
e 7 29
e 7 33
e 7 34
e 7 36
e 7 39
e 7 44
e 7 47
e 7 48
e 8 10
e 8 11
e 8 14
e 8 15
e 8 16
e 8 18
e 8 21
e 8 32
e 8 33
e 8 35
e 8 36
e 8 48
e 9 18
e 9 20
e 9 22
e 9 23
e 9 25
e 9 28
e 9 29
e 9 36
e 9 37
e 9 44
e 9 45
e 9 46
e 9 49
e 10 17
e 10 19
e 10 24
e 10 25
e 10 26
e 10 35
e 10 39
e 10 42
e 10 43
e 10 46
e 10 48
e 11 13
e 11 22
e 11 24
e 11 28
e 11 32
e 11 37
e 11 39
e 11 40
e 11 41
e 11 44
e 11 45
e 11 46
e 11 47
e 12 13
e 12 15
e 12 21
e 12 26
e 12 28
e 12 29
e 12 34
e 12 35
e 12 41
e 12 43
e 12 47
e 12 48
e 13 15
e 13 16
e 13 17
e 13 21
e 13 22
e 13 27
e 13 28
e 13 31
e 13 32
e 13 35
e 13 36
e 13 38
e 13 43
e 13 45
e 14 18
e 14 19
e 14 20
e 14 21
e 14 27
e 14 34
e 14 37
e 14 40
e 14 45
e 14 46
e 14 48
e 15 16
e 15 21
e 15 25
e 15 29
e 15 34
e 15 35
e 15 36
e 15 37
e 15 38
e 15 42
e 15 48
e 16 19
e 16 21
e 16 28
e 16 29
e 16 32
e 16 39
e 16 41
e 16 42
e 16 43
e 16 45
e 16 47
e 17 19
e 17 22
e 17 25
e 17 26
e 17 28
e 17 30
e 17 31
e 17 34
e 17 35
e 17 36
e 17 42
e 17 43
e 18 21
e 18 24
e 18 25
e 18 29
e 18 34
e 18 36
e 18 40
e 18 45
e 19 25
e 19 30
e 19 34
e 19 42
e 19 45
e 19 46
e 19 47
e 20 23
e 20 27
e 20 29
e 20 31
e 20 38
e 20 47
e 20 48
e 21 22
e 21 28
e 21 29
e 21 33
e 21 34
e 21 38
e 21 40
e 21 41
e 21 42
e 21 43
e 21 45
e 21 46
e 21 47
e 22 23
e 22 26
e 22 37
e 22 41
e 22 42
e 23 24
e 23 27
e 23 29
e 23 36
e 23 39
e 23 41
e 23 43
e 23 44
e 23 48
e 24 29
e 24 34
e 24 38
e 24 40
e 24 43
e 24 48
e 24 49
e 25 26
e 25 28
e 25 31
e 25 33
e 25 38
e 25 39
e 25 47
e 25 49
e 26 27
e 26 33
e 26 34
e 26 37
e 26 38
e 26 40
e 26 42
e 26 43
e 26 46
e 26 47
e 26 48
e 27 28
e 27 29
e 27 30
e 27 32
e 27 37
e 27 38
e 27 39
e 27 40
e 27 44
e 28 30
e 28 32
e 28 36
e 28 37
e 28 38
e 28 39
e 28 45
e 28 46
e 28 49
e 29 30
e 29 31
e 29 34
e 29 38
e 29 42
e 29 44
e 29 48
e 29 49
e 30 33
e 30 34
e 30 39
e 30 42
e 30 48
e 31 32
e 31 33
e 31 38
e 31 43
e 31 49
e 32 35
e 33 37
e 33 43
e 33 47
e 33 48
e 34 36
e 34 37
e 34 39
e 34 40
e 34 41
e 34 47
e 35 38
e 35 44
e 35 45
e 36 41
e 36 44
e 36 45
e 37 39
e 37 40
e 37 43
e 37 45
e 37 47
e 38 40
e 38 44
e 39 40
e 39 43
e 39 46
e 40 43
e 40 44
e 40 45
e 40 48
e 40 49
e 41 43
e 42 47
e 42 48
e 42 49
e 43 47
e 43 49
e 44 47
e 46 47
e 46 48
e 46 49
e 47 49
cU 1 1 1 1 1 1 1 1 1 1 1 1 1 1 1 1 1 1 1 1 1 1 1 1 1 1 1 1 1 1 1 1 1 1 1 1 1 1 1 1 1 1 1 1 1 1 1 1 1 1
cL 1 1 1 1 1 1 1 1 1 1 1 1 1 1 1 1 1 1 1 1 1 1 1 1 1 1 1 1 1 1 1 1 1 1 1 1 1 1 1 1 1 1 1 1 1 1 1 1 1 1
iL 30 30 30 30 30 30 30 30 30 30 30 30 30 30 30 30 30 30 30 30 30 30 30 30 30 30 30 30 30 30 30 30 30 30 30 30 30 30 30 30 30 30 30 30 30 30 30 30 30 30
bU 30
bL 30