p 50 er 0.3 0.4 0.15 1.0 0.6
e 0 2
e 0 5
e 0 14
e 0 18
e 0 19
e 0 23
e 0 24
e 0 28
e 0 33
e 0 42
e 0 45
e 0 47
e 0 49
e 1 8
e 1 10
e 1 13
e 1 19
e 1 23
e 1 25
e 1 31
e 1 37
e 1 41
e 1 47
e 2 7
e 2 9
e 2 10
e 2 18
e 2 19
e 2 20
e 2 38
e 2 49
e 3 17
e 3 18
e 3 19
e 3 21
e 3 27
e 3 29
e 3 31
e 3 36
e 3 37
e 3 44
e 3 45
e 3 49
e 4 5
e 4 7
e 4 8
e 4 9
e 4 14
e 4 15
e 4 22
e 4 26
e 4 30
e 4 32
e 4 33
e 4 34
e 4 37
e 4 38
e 4 42
e 5 8
e 5 13
e 5 14
e 5 15
e 5 22
e 5 27
e 5 34
e 5 42
e 5 43
e 6 13
e 6 14
e 6 19
e 6 27
e 6 30
e 6 31
e 6 33
e 6 34
e 6 39
e 6 40
e 6 43
e 6 44
e 6 47
e 7 10
e 7 11
e 7 12
e 7 15
e 7 18
e 7 22
e 7 27
e 7 28
e 7 30
e 7 31
e 7 32
e 7 33
e 7 34
e 7 36
e 7 38
e 7 41
e 7 42
e 8 13
e 8 18
e 8 20
e 8 21
e 8 22
e 8 26
e 8 30
e 8 40
e 8 44
e 8 46
e 8 48
e 9 11
e 9 12
e 9 13
e 9 14
e 9 15
e 9 17
e 9 20
e 9 25
e 9 28
e 9 30
e 9 36
e 9 39
e 9 40
e 9 41
e 9 43
e 9 44
e 9 45
e 9 47
e 10 11
e 10 14
e 10 23
e 10 27
e 10 32
e 10 33
e 10 37
e 10 38
e 10 45
e 10 47
e 11 12
e 11 15
e 11 20
e 11 22
e 11 23
e 11 27
e 11 31
e 11 37
e 11 39
e 11 40
e 11 41
e 11 46
e 12 13
e 12 21
e 12 23
e 12 30
e 12 39
e 12 40
e 12 41
e 12 42
e 12 43
e 12 46
e 12 47
e 12 49
e 13 14
e 13 16
e 13 20
e 13 31
e 13 33
e 13 34
e 13 35
e 13 39
e 13 40
e 13 41
e 13 45
e 13 48
e 13 49
e 14 19
e 14 30
e 14 35
e 14 36
e 14 38
e 14 39
e 14 43
e 14 47
e 14 49
e 15 26
e 15 28
e 15 31
e 15 32
e 15 33
e 15 34
e 15 37
e 15 38
e 15 39
e 15 41
e 15 43
e 15 45
e 15 48
e 16 20
e 16 23
e 16 24
e 16 26
e 16 39
e 16 43
e 16 49
e 17 24
e 17 30
e 17 31
e 17 45
e 17 46
e 18 21
e 18 22
e 18 27
e 18 28
e 18 31
e 18 36
e 18 37
e 18 38
e 18 45
e 19 21
e 19 22
e 19 24
e 19 33
e 19 35
e 19 36
e 19 38
e 19 40
e 19 48
e 20 22
e 20 24
e 20 25
e 20 30
e 20 32
e 20 34
e 20 36
e 20 39
e 20 42
e 20 44
e 20 48
e 21 23
e 21 24
e 21 25
e 21 31
e 21 35
e 21 38
e 21 39
e 21 42
e 21 45
e 22 23
e 22 26
e 22 28
e 22 29
e 22 31
e 22 32
e 22 33
e 22 36
e 22 39
e 22 42
e 23 24
e 23 31
e 23 32
e 23 35
e 23 36
e 23 38
e 23 39
e 23 40
e 23 44
e 23 47
e 23 48
e 24 31
e 24 33
e 24 35
e 24 41
e 24 42
e 24 43
e 24 47
e 25 30
e 25 35
e 25 44
e 25 46
e 25 47
e 26 29
e 26 30
e 26 31
e 26 33
e 26 36
e 26 37
e 26 39
e 27 28
e 27 29
e 27 31
e 27 33
e 27 39
e 27 43
e 27 47
e 28 29
e 28 30
e 28 31
e 28 32
e 28 35
e 28 41
e 28 43
e 28 45
e 28 47
e 28 48
e 29 31
e 29 38
e 29 46
e 30 42
e 30 43
e 30 45
e 31 32
e 31 36
e 31 41
e 31 45
e 31 48
e 31 49
e 32 37
e 32 38
e 32 40
e 32 42
e 32 48
e 32 49
e 33 38
e 33 41
e 33 42
e 33 43
e 33 46
e 34 35
e 34 43
e 35 39
e 35 40
e 35 41
e 36 39
e 36 41
e 36 44
e 36 45
e 37 39
e 37 43
e 37 49
e 38 40
e 38 41
e 38 46
e 39 40
e 39 42
e 39 47
e 40 42
e 40 44
e 41 44
e 42 45
e 42 46
e 42 49
e 43 44
e 43 45
e 43 46
e 44 46
e 44 48
cU 1 1 1 1 1 1 1 1 1 1 1 1 1 1 1 1 1 1 1 1 1 1 1 1 1 1 1 1 1 1 1 1 1 1 1 1 1 1 1 1 1 1 1 1 1 1 1 1 1 1
cL 1 1 1 1 1 1 1 1 1 1 1 1 1 1 1 1 1 1 1 1 1 1 1 1 1 1 1 1 1 1 1 1 1 1 1 1 1 1 1 1 1 1 1 1 1 1 1 1 1 1
iL 30 30 30 30 30 30 30 30 30 30 30 30 30 30 30 30 30 30 30 30 30 30 30 30 30 30 30 30 30 30 30 30 30 30 30 30 30 30 30 30 30 30 30 30 30 30 30 30 30 30
bU 30
bL 30