p 50 er 0.3 0.2 0.05 1.0 0.6
e 0 2
e 0 3
e 0 6
e 0 7
e 0 11
e 0 12
e 0 13
e 0 15
e 0 19
e 0 21
e 0 26
e 0 32
e 0 34
e 0 40
e 0 41
e 0 44
e 0 46
e 0 47
e 1 2
e 1 9
e 1 12
e 1 19
e 1 21
e 1 22
e 1 23
e 1 24
e 1 27
e 1 29
e 1 30
e 1 33
e 1 35
e 1 39
e 1 44
e 1 45
e 1 46
e 2 8
e 2 9
e 2 15
e 2 21
e 2 22
e 2 26
e 2 30
e 2 36
e 2 37
e 2 39
e 2 45
e 2 47
e 3 5
e 3 11
e 3 12
e 3 14
e 3 19
e 3 28
e 3 31
e 3 32
e 3 33
e 3 36
e 3 42
e 3 45
e 3 46
e 4 6
e 4 9
e 4 10
e 4 11
e 4 12
e 4 14
e 4 20
e 4 25
e 4 30
e 4 41
e 4 43
e 4 45
e 5 6
e 5 15
e 5 18
e 5 19
e 5 23
e 5 29
e 5 30
e 5 33
e 5 34
e 5 37
e 5 40
e 5 41
e 5 43
e 5 45
e 5 48
e 6 11
e 6 16
e 6 21
e 6 26
e 6 27
e 6 28
e 6 29
e 6 31
e 6 32
e 6 33
e 6 34
e 6 35
e 6 40
e 6 43
e 7 8
e 7 11
e 7 13
e 7 17
e 7 20
e 7 22
e 7 25
e 7 28
e 7 30
e 7 35
e 7 36
e 7 37
e 7 42
e 7 44
e 7 48
e 8 11
e 8 14
e 8 15
e 8 17
e 8 18
e 8 20
e 8 21
e 8 23
e 8 24
e 8 27
e 8 31
e 8 32
e 8 35
e 8 36
e 8 37
e 8 40
e 8 42
e 8 44
e 8 46
e 9 11
e 9 18
e 9 19
e 9 21
e 9 23
e 9 25
e 9 26
e 9 27
e 9 29
e 9 32
e 9 35
e 9 36
e 9 37
e 9 38
e 9 49
e 10 12
e 10 13
e 10 16
e 10 19
e 10 20
e 10 22
e 10 23
e 10 28
e 10 32
e 10 35
e 10 36
e 10 38
e 10 39
e 10 45
e 10 46
e 10 47
e 10 48
e 11 12
e 11 20
e 11 28
e 11 29
e 11 33
e 11 37
e 11 38
e 11 48
e 12 14
e 12 21
e 12 24
e 12 25
e 12 26
e 12 27
e 12 32
e 12 37
e 12 38
e 12 39
e 12 40
e 12 44
e 12 48
e 13 20
e 13 26
e 13 27
e 13 32
e 13 34
e 13 38
e 13 41
e 13 42
e 13 46
e 14 15
e 14 31
e 14 32
e 14 33
e 14 36
e 14 42
e 14 43
e 14 46
e 14 47
e 14 49
e 15 21
e 15 22
e 15 26
e 15 27
e 15 28
e 15 30
e 15 32
e 15 34
e 15 35
e 15 36
e 15 38
e 15 42
e 15 48
e 16 19
e 16 21
e 16 22
e 16 23
e 16 25
e 16 26
e 16 28
e 16 31
e 16 32
e 16 33
e 16 36
e 16 38
e 16 39
e 16 44
e 16 45
e 17 18
e 17 21
e 17 22
e 17 24
e 17 32
e 17 34
e 17 36
e 17 44
e 17 46
e 18 19
e 18 27
e 18 28
e 18 30
e 18 31
e 18 35
e 18 39
e 18 44
e 18 46
e 18 48
e 19 21
e 19 22
e 19 24
e 19 25
e 19 27
e 19 28
e 19 31
e 19 40
e 19 41
e 19 43
e 19 47
e 20 23
e 20 27
e 20 28
e 20 34
e 20 36
e 20 37
e 20 39
e 20 40
e 20 42
e 20 48
e 21 24
e 21 31
e 21 36
e 21 39
e 21 40
e 21 44
e 21 49
e 22 26
e 22 32
e 22 39
e 22 41
e 23 24
e 23 32
e 23 36
e 23 37
e 23 47
e 23 48
e 23 49
e 24 25
e 24 33
e 24 34
e 24 37
e 24 43
e 24 47
e 24 48
e 25 26
e 25 29
e 25 31
e 25 37
e 25 40
e 25 41
e 25 46
e 25 48
e 26 27
e 26 28
e 26 36
e 26 37
e 26 43
e 26 48
e 27 30
e 27 31
e 27 37
e 27 38
e 27 42
e 27 46
e 27 49
e 28 32
e 28 33
e 28 36
e 28 42
e 28 44
e 28 47
e 28 48
e 29 32
e 29 35
e 29 42
e 29 43
e 29 44
e 29 49
e 30 33
e 30 34
e 30 40
e 30 41
e 30 42
e 30 43
e 31 33
e 31 34
e 31 40
e 31 42
e 31 44
e 31 49
e 32 33
e 32 34
e 32 35
e 32 39
e 32 45
e 32 47
e 33 37
e 33 44
e 33 46
e 33 47
e 34 36
e 34 37
e 35 41
e 36 37
e 36 42
e 36 44
e 36 45
e 36 46
e 36 48
e 37 44
e 37 45
e 37 47
e 37 48
e 37 49
e 38 41
e 38 42
e 38 45
e 38 49
e 39 42
e 39 43
e 39 47
e 40 43
e 40 45
e 40 46
e 40 47
e 41 47
e 41 49
e 42 44
e 42 49
e 43 46
e 43 48
e 44 46
e 44 49
e 46 47
e 46 48
e 46 49
e 47 48
e 48 49
cU 1 1 1 1 1 1 1 1 1 1 1 1 1 1 1 1 1 1 1 1 1 1 1 1 1 1 1 1 1 1 1 1 1 1 1 1 1 1 1 1 1 1 1 1 1 1 1 1 1 1
cL 1 1 1 1 1 1 1 1 1 1 1 1 1 1 1 1 1 1 1 1 1 1 1 1 1 1 1 1 1 1 1 1 1 1 1 1 1 1 1 1 1 1 1 1 1 1 1 1 1 1
iL 30 30 30 30 30 30 30 30 30 30 30 30 30 30 30 30 30 30 30 30 30 30 30 30 30 30 30 30 30 30 30 30 30 30 30 30 30 30 30 30 30 30 30 30 30 30 30 30 30 30
bU 30
bL 30