p 50 er 0.3 0.4 0.15 1.0 0.6
e 0 1
e 0 6
e 0 10
e 0 11
e 0 17
e 0 19
e 0 29
e 0 37
e 0 38
e 0 42
e 0 45
e 1 10
e 1 16
e 1 18
e 1 20
e 1 24
e 1 25
e 1 28
e 1 36
e 1 38
e 1 43
e 1 47
e 1 48
e 2 4
e 2 6
e 2 9
e 2 11
e 2 12
e 2 17
e 2 18
e 2 19
e 2 23
e 2 24
e 2 29
e 2 30
e 2 31
e 2 34
e 2 36
e 2 48
e 3 5
e 3 7
e 3 8
e 3 12
e 3 13
e 3 14
e 3 28
e 3 30
e 3 34
e 3 35
e 3 39
e 3 42
e 3 45
e 3 47
e 3 49
e 4 10
e 4 21
e 4 23
e 4 26
e 4 27
e 4 28
e 4 31
e 4 34
e 4 35
e 4 39
e 4 40
e 4 48
e 5 13
e 5 14
e 5 15
e 5 20
e 5 22
e 5 26
e 5 29
e 5 35
e 5 38
e 5 39
e 5 46
e 5 48
e 6 10
e 6 13
e 6 14
e 6 15
e 6 16
e 6 18
e 6 19
e 6 20
e 6 31
e 6 32
e 6 36
e 6 37
e 6 38
e 7 15
e 7 17
e 7 19
e 7 23
e 7 27
e 7 29
e 7 39
e 7 40
e 7 46
e 7 49
e 8 9
e 8 10
e 8 15
e 8 16
e 8 18
e 8 26
e 8 27
e 8 28
e 8 38
e 8 39
e 8 41
e 8 48
e 9 19
e 9 20
e 9 21
e 9 26
e 9 28
e 9 29
e 9 31
e 9 35
e 9 39
e 9 42
e 9 44
e 10 11
e 10 12
e 10 18
e 10 21
e 10 24
e 10 26
e 10 27
e 10 28
e 10 35
e 10 36
e 10 42
e 11 12
e 11 16
e 11 18
e 11 21
e 11 29
e 11 31
e 11 39
e 11 49
e 12 14
e 12 17
e 12 19
e 12 20
e 12 23
e 12 25
e 12 26
e 12 29
e 12 32
e 12 40
e 12 43
e 13 14
e 13 15
e 13 18
e 13 23
e 13 33
e 13 34
e 13 35
e 13 36
e 13 37
e 13 39
e 13 40
e 13 45
e 13 48
e 14 18
e 14 23
e 14 24
e 14 25
e 14 29
e 14 37
e 14 41
e 14 44
e 15 22
e 15 23
e 15 25
e 15 34
e 15 35
e 15 36
e 15 38
e 15 39
e 15 42
e 15 47
e 15 49
e 16 19
e 16 34
e 16 37
e 16 39
e 16 41
e 16 42
e 16 48
e 16 49
e 17 24
e 17 29
e 17 32
e 17 34
e 17 36
e 17 47
e 17 48
e 17 49
e 18 23
e 18 25
e 18 32
e 18 33
e 18 35
e 18 37
e 18 40
e 18 43
e 19 21
e 19 24
e 19 27
e 19 30
e 19 32
e 19 33
e 19 35
e 19 37
e 19 38
e 19 39
e 20 23
e 20 28
e 20 31
e 20 40
e 20 42
e 20 46
e 20 48
e 21 25
e 21 27
e 21 33
e 21 36
e 21 42
e 21 44
e 21 45
e 21 49
e 22 29
e 22 30
e 22 32
e 22 35
e 22 36
e 22 37
e 22 42
e 22 44
e 22 45
e 22 47
e 23 25
e 23 27
e 23 29
e 23 31
e 24 25
e 24 28
e 24 29
e 24 30
e 24 41
e 24 44
e 24 49
e 25 32
e 25 35
e 25 37
e 25 42
e 25 45
e 25 47
e 25 49
e 26 27
e 26 28
e 26 29
e 26 33
e 26 38
e 26 40
e 26 48
e 27 28
e 27 29
e 27 31
e 27 32
e 27 44
e 27 47
e 27 48
e 28 29
e 28 32
e 28 33
e 28 38
e 28 39
e 28 40
e 28 49
e 29 38
e 29 41
e 29 44
e 29 46
e 30 31
e 30 34
e 30 36
e 30 37
e 30 38
e 30 43
e 30 48
e 31 32
e 31 34
e 31 35
e 31 37
e 31 40
e 31 41
e 31 44
e 31 49
e 32 33
e 32 35
e 32 36
e 32 37
e 32 38
e 32 39
e 32 41
e 32 42
e 32 44
e 32 45
e 32 46
e 32 49
e 33 34
e 33 45
e 33 49
e 34 35
e 34 40
e 34 43
e 34 46
e 35 37
e 35 39
e 35 40
e 35 42
e 35 43
e 35 45
e 36 47
e 36 49
e 37 41
e 37 44
e 37 46
e 37 48
e 38 39
e 38 42
e 39 40
e 39 43
e 39 47
e 39 48
e 40 43
e 40 45
e 41 43
e 41 44
e 41 46
e 41 49
e 42 43
e 42 48
e 43 49
e 44 46
e 44 47
e 44 48
e 44 49
e 45 49
e 46 48
e 48 49
cU 1 1 1 1 1 1 1 1 1 1 1 1 1 1 1 1 1 1 1 1 1 1 1 1 1 1 1 1 1 1 1 1 1 1 1 1 1 1 1 1 1 1 1 1 1 1 1 1 1 1
cL 1 1 1 1 1 1 1 1 1 1 1 1 1 1 1 1 1 1 1 1 1 1 1 1 1 1 1 1 1 1 1 1 1 1 1 1 1 1 1 1 1 1 1 1 1 1 1 1 1 1
iL 30 30 30 30 30 30 30 30 30 30 30 30 30 30 30 30 30 30 30 30 30 30 30 30 30 30 30 30 30 30 30 30 30 30 30 30 30 30 30 30 30 30 30 30 30 30 30 30 30 30
bU 30
bL 30