p 50 er 0.3 0.1 0.15 1.0 0.6
e 0 4
e 0 5
e 0 7
e 0 9
e 0 13
e 0 15
e 0 17
e 0 21
e 0 22
e 0 25
e 0 26
e 0 28
e 0 29
e 0 31
e 0 34
e 0 36
e 0 37
e 0 40
e 0 42
e 0 46
e 0 48
e 1 2
e 1 3
e 1 9
e 1 12
e 1 16
e 1 17
e 1 24
e 1 26
e 1 29
e 1 37
e 1 43
e 2 3
e 2 8
e 2 11
e 2 17
e 2 22
e 2 26
e 2 27
e 2 28
e 2 33
e 2 35
e 2 40
e 2 41
e 2 44
e 2 48
e 2 49
e 3 7
e 3 8
e 3 19
e 3 20
e 3 27
e 3 28
e 3 30
e 3 32
e 3 37
e 3 42
e 3 43
e 3 47
e 4 8
e 4 11
e 4 14
e 4 18
e 4 21
e 4 23
e 4 24
e 4 27
e 4 42
e 4 44
e 4 45
e 5 7
e 5 8
e 5 12
e 5 14
e 5 18
e 5 22
e 5 31
e 5 32
e 5 33
e 5 35
e 5 36
e 5 40
e 5 41
e 5 44
e 5 47
e 6 7
e 6 12
e 6 13
e 6 15
e 6 17
e 6 19
e 6 21
e 6 22
e 6 23
e 6 24
e 6 25
e 6 39
e 6 47
e 6 48
e 7 9
e 7 12
e 7 13
e 7 15
e 7 19
e 7 21
e 7 30
e 7 33
e 7 45
e 8 10
e 8 11
e 8 12
e 8 13
e 8 15
e 8 17
e 8 18
e 8 20
e 8 26
e 8 31
e 8 41
e 8 49
e 9 10
e 9 11
e 9 15
e 9 16
e 9 18
e 9 20
e 9 21
e 9 26
e 9 29
e 9 30
e 9 34
e 9 35
e 9 36
e 9 39
e 9 46
e 10 12
e 10 18
e 10 25
e 10 27
e 10 29
e 10 32
e 10 33
e 10 35
e 10 37
e 10 38
e 10 45
e 10 46
e 10 48
e 11 13
e 11 23
e 11 25
e 11 27
e 11 30
e 11 32
e 11 35
e 11 37
e 11 38
e 11 41
e 11 43
e 12 17
e 12 21
e 12 26
e 12 35
e 12 37
e 12 43
e 12 45
e 12 49
e 13 15
e 13 16
e 13 18
e 13 20
e 13 22
e 13 24
e 13 30
e 13 36
e 13 37
e 13 47
e 13 48
e 14 29
e 14 31
e 14 32
e 14 33
e 14 37
e 14 38
e 14 41
e 14 48
e 15 18
e 15 23
e 15 31
e 15 32
e 15 39
e 15 41
e 15 44
e 15 48
e 15 49
e 16 20
e 16 26
e 16 35
e 16 36
e 16 39
e 16 46
e 16 49
e 17 18
e 17 19
e 17 20
e 17 21
e 17 24
e 17 25
e 17 26
e 17 30
e 17 33
e 17 36
e 17 39
e 17 44
e 17 45
e 17 46
e 17 48
e 18 19
e 18 21
e 18 24
e 18 25
e 18 28
e 18 29
e 18 33
e 18 34
e 18 35
e 18 43
e 18 45
e 19 26
e 19 32
e 19 34
e 19 38
e 19 39
e 19 41
e 19 42
e 19 46
e 19 47
e 19 48
e 20 21
e 20 23
e 20 25
e 20 26
e 20 33
e 20 45
e 20 47
e 20 48
e 21 22
e 21 29
e 21 30
e 21 37
e 21 39
e 21 43
e 21 47
e 21 48
e 22 30
e 22 31
e 22 40
e 22 43
e 22 49
e 23 24
e 23 26
e 23 27
e 23 29
e 23 36
e 23 42
e 23 45
e 23 46
e 23 47
e 24 29
e 24 32
e 24 36
e 24 37
e 24 39
e 24 41
e 24 42
e 24 44
e 24 48
e 25 26
e 25 28
e 25 32
e 25 34
e 25 38
e 25 48
e 26 29
e 26 34
e 26 35
e 26 36
e 26 41
e 26 43
e 26 44
e 27 28
e 27 32
e 27 33
e 27 35
e 27 37
e 27 39
e 27 40
e 27 43
e 27 44
e 27 46
e 28 29
e 28 30
e 28 35
e 28 36
e 28 38
e 28 44
e 28 47
e 28 49
e 29 37
e 29 47
e 29 49
e 30 31
e 30 32
e 30 33
e 30 35
e 30 38
e 30 39
e 30 40
e 30 44
e 30 45
e 30 46
e 31 32
e 31 35
e 31 40
e 31 42
e 31 45
e 31 48
e 32 37
e 32 43
e 32 46
e 33 35
e 33 43
e 33 44
e 33 47
e 33 49
e 34 35
e 34 39
e 34 42
e 34 43
e 34 45
e 34 47
e 34 48
e 35 36
e 35 38
e 35 47
e 36 41
e 36 49
e 37 40
e 37 44
e 37 49
e 38 41
e 38 44
e 38 46
e 39 44
e 39 46
e 40 42
e 40 45
e 40 46
e 40 47
e 41 43
e 41 44
e 41 46
e 41 49
e 42 44
e 42 45
e 42 46
e 42 47
e 42 48
e 42 49
e 43 45
e 43 46
e 43 48
e 43 49
e 44 45
e 45 49
e 46 47
e 46 48
e 46 49
cU 1 1 1 1 1 1 1 1 1 1 1 1 1 1 1 1 1 1 1 1 1 1 1 1 1 1 1 1 1 1 1 1 1 1 1 1 1 1 1 1 1 1 1 1 1 1 1 1 1 1
cL 1 1 1 1 1 1 1 1 1 1 1 1 1 1 1 1 1 1 1 1 1 1 1 1 1 1 1 1 1 1 1 1 1 1 1 1 1 1 1 1 1 1 1 1 1 1 1 1 1 1
iL 30 30 30 30 30 30 30 30 30 30 30 30 30 30 30 30 30 30 30 30 30 30 30 30 30 30 30 30 30 30 30 30 30 30 30 30 30 30 30 30 30 30 30 30 30 30 30 30 30 30
bU 30
bL 30