p 50 er 0.3 0.2 0.05 1.0 0.6
e 0 2
e 0 4
e 0 7
e 0 9
e 0 10
e 0 12
e 0 14
e 0 18
e 0 19
e 0 22
e 0 24
e 0 28
e 0 29
e 0 34
e 0 39
e 0 42
e 0 46
e 1 3
e 1 6
e 1 9
e 1 18
e 1 29
e 1 31
e 1 42
e 1 47
e 1 48
e 2 11
e 2 12
e 2 13
e 2 15
e 2 24
e 2 35
e 2 36
e 2 41
e 2 45
e 2 46
e 2 49
e 3 4
e 3 7
e 3 9
e 3 11
e 3 13
e 3 17
e 3 19
e 3 21
e 3 23
e 3 24
e 3 25
e 3 27
e 3 31
e 3 32
e 3 47
e 4 5
e 4 6
e 4 8
e 4 10
e 4 12
e 4 14
e 4 19
e 4 20
e 4 25
e 4 28
e 4 31
e 4 36
e 4 37
e 4 38
e 4 48
e 5 6
e 5 16
e 5 22
e 5 25
e 5 28
e 5 30
e 5 33
e 5 34
e 5 35
e 5 36
e 5 38
e 5 41
e 5 47
e 6 8
e 6 9
e 6 13
e 6 15
e 6 17
e 6 22
e 6 27
e 6 29
e 6 38
e 6 39
e 6 42
e 6 43
e 6 44
e 6 45
e 6 46
e 7 14
e 7 19
e 7 20
e 7 23
e 7 27
e 7 29
e 7 31
e 7 35
e 7 36
e 7 42
e 8 9
e 8 11
e 8 12
e 8 13
e 8 17
e 8 18
e 8 21
e 8 22
e 8 27
e 8 28
e 8 29
e 8 32
e 8 35
e 8 47
e 8 49
e 9 10
e 9 13
e 9 18
e 9 19
e 9 21
e 9 22
e 9 27
e 9 29
e 9 30
e 9 32
e 9 33
e 9 34
e 9 35
e 9 36
e 9 38
e 9 41
e 9 44
e 9 46
e 9 47
e 10 14
e 10 19
e 10 22
e 10 23
e 10 28
e 10 34
e 10 38
e 10 40
e 10 43
e 10 45
e 10 48
e 10 49
e 11 15
e 11 18
e 11 20
e 11 21
e 11 24
e 11 25
e 11 26
e 11 28
e 11 31
e 11 33
e 11 46
e 11 47
e 11 48
e 11 49
e 12 13
e 12 14
e 12 16
e 12 18
e 12 19
e 12 20
e 12 21
e 12 25
e 12 28
e 12 29
e 12 39
e 12 41
e 12 42
e 12 46
e 12 49
e 13 17
e 13 21
e 13 23
e 13 24
e 13 27
e 13 31
e 13 36
e 13 46
e 14 18
e 14 19
e 14 21
e 14 22
e 14 25
e 14 28
e 14 32
e 14 33
e 14 35
e 14 38
e 14 44
e 14 47
e 14 49
e 15 17
e 15 18
e 15 19
e 15 25
e 15 31
e 15 32
e 15 33
e 15 35
e 15 36
e 15 43
e 16 20
e 16 31
e 16 32
e 16 36
e 16 37
e 16 40
e 16 42
e 16 45
e 16 49
e 17 19
e 17 20
e 17 22
e 17 26
e 17 27
e 17 29
e 17 36
e 17 42
e 17 45
e 17 47
e 17 48
e 18 24
e 18 26
e 18 27
e 18 33
e 18 36
e 18 46
e 18 49
e 19 20
e 19 23
e 19 26
e 19 29
e 19 30
e 19 32
e 19 34
e 19 36
e 19 38
e 19 39
e 19 44
e 19 46
e 19 48
e 19 49
e 20 21
e 20 22
e 20 30
e 20 32
e 20 35
e 20 37
e 20 38
e 21 24
e 21 25
e 21 34
e 21 35
e 21 37
e 21 43
e 21 44
e 22 23
e 22 24
e 22 25
e 22 26
e 22 27
e 22 28
e 22 29
e 22 30
e 22 37
e 22 40
e 22 42
e 22 47
e 22 48
e 22 49
e 23 24
e 23 32
e 23 34
e 23 46
e 24 25
e 24 26
e 24 36
e 24 37
e 24 41
e 24 42
e 24 43
e 24 46
e 25 26
e 25 29
e 25 30
e 25 34
e 25 42
e 25 46
e 25 48
e 26 27
e 26 29
e 26 33
e 26 35
e 26 36
e 26 39
e 26 41
e 26 42
e 26 44
e 27 28
e 27 29
e 27 30
e 27 35
e 27 37
e 27 39
e 27 42
e 27 43
e 27 44
e 27 47
e 27 49
e 28 31
e 28 33
e 28 34
e 28 35
e 28 39
e 28 43
e 28 47
e 28 49
e 29 31
e 29 33
e 29 41
e 29 42
e 29 43
e 29 45
e 30 32
e 30 35
e 30 36
e 30 37
e 30 39
e 30 43
e 30 45
e 31 32
e 31 37
e 31 40
e 31 41
e 31 42
e 31 45
e 31 46
e 32 44
e 32 45
e 32 46
e 32 48
e 33 39
e 33 41
e 33 42
e 33 45
e 33 47
e 34 35
e 34 37
e 34 40
e 34 41
e 34 47
e 34 49
e 35 39
e 35 42
e 35 44
e 35 46
e 35 48
e 35 49
e 36 38
e 36 40
e 36 41
e 36 47
e 36 49
e 37 39
e 37 40
e 37 44
e 37 46
e 37 49
e 38 39
e 38 41
e 38 43
e 39 41
e 39 43
e 39 44
e 39 46
e 40 42
e 40 45
e 40 46
e 40 47
e 40 49
e 41 43
e 41 44
e 41 45
e 42 47
e 42 48
e 43 46
e 43 47
e 43 48
e 44 45
e 44 46
e 45 47
e 46 49
e 47 48
e 48 49
cU 1 1 1 1 1 1 1 1 1 1 1 1 1 1 1 1 1 1 1 1 1 1 1 1 1 1 1 1 1 1 1 1 1 1 1 1 1 1 1 1 1 1 1 1 1 1 1 1 1 1
cL 1 1 1 1 1 1 1 1 1 1 1 1 1 1 1 1 1 1 1 1 1 1 1 1 1 1 1 1 1 1 1 1 1 1 1 1 1 1 1 1 1 1 1 1 1 1 1 1 1 1
iL 30 30 30 30 30 30 30 30 30 30 30 30 30 30 30 30 30 30 30 30 30 30 30 30 30 30 30 30 30 30 30 30 30 30 30 30 30 30 30 30 30 30 30 30 30 30 30 30 30 30
bU 30
bL 30