p 50 er 0.3 0.4 0.15 1.0 0.6
e 0 1
e 0 5
e 0 7
e 0 9
e 0 14
e 0 17
e 0 18
e 0 20
e 0 22
e 0 24
e 0 26
e 0 28
e 0 29
e 0 34
e 0 36
e 0 41
e 0 45
e 0 47
e 0 48
e 1 8
e 1 11
e 1 14
e 1 22
e 1 24
e 1 25
e 1 35
e 1 40
e 1 42
e 1 46
e 1 47
e 1 48
e 2 6
e 2 8
e 2 10
e 2 12
e 2 13
e 2 16
e 2 19
e 2 21
e 2 23
e 2 24
e 2 32
e 2 44
e 3 5
e 3 12
e 3 13
e 3 15
e 3 25
e 3 27
e 3 32
e 3 33
e 3 36
e 3 37
e 3 39
e 3 42
e 3 45
e 3 46
e 3 47
e 3 48
e 4 8
e 4 16
e 4 20
e 4 24
e 4 29
e 4 38
e 4 39
e 4 40
e 4 43
e 4 44
e 4 45
e 4 46
e 5 12
e 5 15
e 5 21
e 5 27
e 5 28
e 5 34
e 5 35
e 5 36
e 5 37
e 5 39
e 5 42
e 5 44
e 5 45
e 5 47
e 6 15
e 6 16
e 6 18
e 6 24
e 6 27
e 6 28
e 6 34
e 6 41
e 6 43
e 6 44
e 6 48
e 7 13
e 7 16
e 7 21
e 7 28
e 7 29
e 7 34
e 7 35
e 7 37
e 7 38
e 7 40
e 7 41
e 7 45
e 8 11
e 8 12
e 8 13
e 8 18
e 8 21
e 8 24
e 8 25
e 8 28
e 8 29
e 8 30
e 8 35
e 8 36
e 8 37
e 8 38
e 8 46
e 8 47
e 8 48
e 8 49
e 9 10
e 9 14
e 9 16
e 9 17
e 9 19
e 9 21
e 9 25
e 9 26
e 9 33
e 9 38
e 9 43
e 9 46
e 10 12
e 10 13
e 10 14
e 10 15
e 10 24
e 10 25
e 10 30
e 10 34
e 10 37
e 10 45
e 10 49
e 11 13
e 11 14
e 11 16
e 11 21
e 11 22
e 11 25
e 11 26
e 11 27
e 11 30
e 11 32
e 11 34
e 11 36
e 11 39
e 11 43
e 11 47
e 11 48
e 12 13
e 12 16
e 12 17
e 12 22
e 12 23
e 12 25
e 12 29
e 12 30
e 12 31
e 12 32
e 12 44
e 13 14
e 13 17
e 13 19
e 13 25
e 13 26
e 13 30
e 13 31
e 13 36
e 13 37
e 13 43
e 13 44
e 13 48
e 14 15
e 14 17
e 14 18
e 14 19
e 14 25
e 14 26
e 14 27
e 14 33
e 14 36
e 14 42
e 14 46
e 15 22
e 15 27
e 15 30
e 15 31
e 15 32
e 15 35
e 15 39
e 15 44
e 15 47
e 16 29
e 16 32
e 16 33
e 16 36
e 16 37
e 16 40
e 16 41
e 17 23
e 17 27
e 17 28
e 17 31
e 17 34
e 17 40
e 17 43
e 18 19
e 18 20
e 18 23
e 18 24
e 18 25
e 18 28
e 18 31
e 18 35
e 18 41
e 19 20
e 19 23
e 19 25
e 19 30
e 19 33
e 19 36
e 19 42
e 19 47
e 20 23
e 20 27
e 20 44
e 20 45
e 20 46
e 20 48
e 21 24
e 21 25
e 21 35
e 21 36
e 21 38
e 21 39
e 21 40
e 21 42
e 21 48
e 22 26
e 22 32
e 22 41
e 22 42
e 22 43
e 22 47
e 22 49
e 23 25
e 23 28
e 23 30
e 23 35
e 23 40
e 23 44
e 23 48
e 23 49
e 24 25
e 24 26
e 24 29
e 24 34
e 24 38
e 24 47
e 24 48
e 25 26
e 25 27
e 25 30
e 25 33
e 25 34
e 25 40
e 25 43
e 25 44
e 25 47
e 26 30
e 26 32
e 26 37
e 26 39
e 26 44
e 27 30
e 27 38
e 27 39
e 27 42
e 27 45
e 28 29
e 28 31
e 28 34
e 28 39
e 28 42
e 28 43
e 28 44
e 28 48
e 29 32
e 29 33
e 29 34
e 29 35
e 29 41
e 29 42
e 29 43
e 30 31
e 30 36
e 30 37
e 30 44
e 30 48
e 30 49
e 31 33
e 31 45
e 31 46
e 31 49
e 32 34
e 32 35
e 32 37
e 32 38
e 32 40
e 32 45
e 32 48
e 32 49
e 33 34
e 33 36
e 33 39
e 33 43
e 33 46
e 33 49
e 34 41
e 34 45
e 34 47
e 34 48
e 35 38
e 35 39
e 35 46
e 35 48
e 36 37
e 37 38
e 37 41
e 37 49
e 38 40
e 38 47
e 39 43
e 39 44
e 39 46
e 39 49
e 40 41
e 40 45
e 40 46
e 40 47
e 40 49
e 41 42
e 41 48
e 42 43
e 42 46
e 42 47
e 43 44
e 43 46
e 43 48
e 43 49
e 45 47
e 46 47
cU 1 1 1 1 1 1 1 1 1 1 1 1 1 1 1 1 1 1 1 1 1 1 1 1 1 1 1 1 1 1 1 1 1 1 1 1 1 1 1 1 1 1 1 1 1 1 1 1 1 1
cL 1 1 1 1 1 1 1 1 1 1 1 1 1 1 1 1 1 1 1 1 1 1 1 1 1 1 1 1 1 1 1 1 1 1 1 1 1 1 1 1 1 1 1 1 1 1 1 1 1 1
iL 30 30 30 30 30 30 30 30 30 30 30 30 30 30 30 30 30 30 30 30 30 30 30 30 30 30 30 30 30 30 30 30 30 30 30 30 30 30 30 30 30 30 30 30 30 30 30 30 30 30
bU 30
bL 30