p 50 er 0.3 0.1 0.15 1.0 0.6
e 0 1
e 0 2
e 0 5
e 0 6
e 0 10
e 0 12
e 0 13
e 0 14
e 0 24
e 0 25
e 0 27
e 0 29
e 0 33
e 0 38
e 0 40
e 0 43
e 0 44
e 0 45
e 0 47
e 1 3
e 1 4
e 1 9
e 1 12
e 1 13
e 1 14
e 1 19
e 1 20
e 1 23
e 1 24
e 1 25
e 1 27
e 1 28
e 1 31
e 1 33
e 1 35
e 1 36
e 1 44
e 1 45
e 1 49
e 2 3
e 2 6
e 2 10
e 2 11
e 2 12
e 2 13
e 2 22
e 2 30
e 2 34
e 2 35
e 2 37
e 2 39
e 2 45
e 2 49
e 3 8
e 3 10
e 3 12
e 3 13
e 3 20
e 3 22
e 3 24
e 3 31
e 3 36
e 3 40
e 3 44
e 3 45
e 3 46
e 4 5
e 4 7
e 4 12
e 4 13
e 4 17
e 4 27
e 4 29
e 4 33
e 4 37
e 4 38
e 4 40
e 4 44
e 4 45
e 4 46
e 4 47
e 5 9
e 5 10
e 5 12
e 5 13
e 5 15
e 5 16
e 5 19
e 5 23
e 5 24
e 5 25
e 5 27
e 5 42
e 5 44
e 5 45
e 5 46
e 5 49
e 6 7
e 6 9
e 6 12
e 6 13
e 6 14
e 6 28
e 6 29
e 6 30
e 6 34
e 6 35
e 6 36
e 6 37
e 6 39
e 6 42
e 6 44
e 6 48
e 6 49
e 7 14
e 7 19
e 7 20
e 7 21
e 7 22
e 7 27
e 7 28
e 7 29
e 7 31
e 7 33
e 7 36
e 7 45
e 7 46
e 8 9
e 8 10
e 8 11
e 8 15
e 8 24
e 8 26
e 8 29
e 8 31
e 8 35
e 8 37
e 8 40
e 8 42
e 8 43
e 9 13
e 9 14
e 9 20
e 9 21
e 9 23
e 9 29
e 9 33
e 9 35
e 9 36
e 9 40
e 9 46
e 10 13
e 10 15
e 10 19
e 10 21
e 10 24
e 10 25
e 10 27
e 10 36
e 10 37
e 10 40
e 10 42
e 10 44
e 10 45
e 10 48
e 11 12
e 11 15
e 11 18
e 11 21
e 11 22
e 11 23
e 11 26
e 11 29
e 11 31
e 11 34
e 11 40
e 11 41
e 11 42
e 11 46
e 11 48
e 11 49
e 12 15
e 12 17
e 12 27
e 12 41
e 12 44
e 13 19
e 13 22
e 13 23
e 13 25
e 13 29
e 13 32
e 13 33
e 13 34
e 13 35
e 13 38
e 13 41
e 13 42
e 13 45
e 14 16
e 14 17
e 14 20
e 14 21
e 14 25
e 14 28
e 14 31
e 14 32
e 14 35
e 14 36
e 14 37
e 14 40
e 14 43
e 15 17
e 15 20
e 15 26
e 15 27
e 15 35
e 15 37
e 15 41
e 15 42
e 15 47
e 15 49
e 16 19
e 16 23
e 16 24
e 16 26
e 16 29
e 16 30
e 16 32
e 16 33
e 16 34
e 16 37
e 16 44
e 16 46
e 17 23
e 17 29
e 17 30
e 17 32
e 17 33
e 17 34
e 17 41
e 17 47
e 17 48
e 17 49
e 18 19
e 18 20
e 18 21
e 18 24
e 18 26
e 18 30
e 18 35
e 18 37
e 18 44
e 18 47
e 18 48
e 19 20
e 19 21
e 19 22
e 19 23
e 19 25
e 19 27
e 19 30
e 19 32
e 19 33
e 19 35
e 19 40
e 19 41
e 19 42
e 19 49
e 20 22
e 20 23
e 20 26
e 20 27
e 20 28
e 20 29
e 20 30
e 20 32
e 20 33
e 20 35
e 20 41
e 20 44
e 20 46
e 20 49
e 21 30
e 21 31
e 21 36
e 21 37
e 21 38
e 21 39
e 21 41
e 21 42
e 21 44
e 21 45
e 21 49
e 22 23
e 22 25
e 22 26
e 22 29
e 22 34
e 22 36
e 22 37
e 22 39
e 22 43
e 22 47
e 22 49
e 23 24
e 23 29
e 23 30
e 23 31
e 23 33
e 23 36
e 23 37
e 23 38
e 23 40
e 24 28
e 24 34
e 24 39
e 24 40
e 24 42
e 24 43
e 24 49
e 25 27
e 25 28
e 25 30
e 25 36
e 25 45
e 25 46
e 25 49
e 26 31
e 26 32
e 26 38
e 26 40
e 26 46
e 26 47
e 26 48
e 26 49
e 27 30
e 27 36
e 27 38
e 27 47
e 28 33
e 28 34
e 28 44
e 28 45
e 28 46
e 28 47
e 29 30
e 29 32
e 29 33
e 29 35
e 29 36
e 29 38
e 29 39
e 29 41
e 29 42
e 29 44
e 29 45
e 29 49
e 30 34
e 30 42
e 30 44
e 30 47
e 30 49
e 31 35
e 31 37
e 32 37
e 32 40
e 32 41
e 32 43
e 32 45
e 33 37
e 33 41
e 33 43
e 33 44
e 33 45
e 33 46
e 33 47
e 33 48
e 34 35
e 34 36
e 34 37
e 34 40
e 34 48
e 35 38
e 35 39
e 35 40
e 35 42
e 35 44
e 35 48
e 36 39
e 36 43
e 36 47
e 36 49
e 37 41
e 37 43
e 37 45
e 37 46
e 37 47
e 37 49
e 38 41
e 38 42
e 38 45
e 38 48
e 38 49
e 39 40
e 39 44
e 39 47
e 40 49
e 41 46
e 41 48
e 42 44
e 42 45
e 42 46
e 42 49
e 43 44
e 44 47
e 46 49
e 47 49
e 48 49
cU 1 1 1 1 1 1 1 1 1 1 1 1 1 1 1 1 1 1 1 1 1 1 1 1 1 1 1 1 1 1 1 1 1 1 1 1 1 1 1 1 1 1 1 1 1 1 1 1 1 1
cL 1 1 1 1 1 1 1 1 1 1 1 1 1 1 1 1 1 1 1 1 1 1 1 1 1 1 1 1 1 1 1 1 1 1 1 1 1 1 1 1 1 1 1 1 1 1 1 1 1 1
iL 30 30 30 30 30 30 30 30 30 30 30 30 30 30 30 30 30 30 30 30 30 30 30 30 30 30 30 30 30 30 30 30 30 30 30 30 30 30 30 30 30 30 30 30 30 30 30 30 30 30
bU 30
bL 30