p 50 er 0.3 0.15 0.15 1.0 0.6
e 0 2
e 0 4
e 0 11
e 0 16
e 0 17
e 0 20
e 0 21
e 0 22
e 0 26
e 0 27
e 0 28
e 0 29
e 0 32
e 0 34
e 0 35
e 0 43
e 0 44
e 1 5
e 1 10
e 1 11
e 1 12
e 1 14
e 1 15
e 1 18
e 1 21
e 1 25
e 1 31
e 1 35
e 1 36
e 1 37
e 1 38
e 1 40
e 1 43
e 1 44
e 1 45
e 1 46
e 2 17
e 2 20
e 2 25
e 2 27
e 2 29
e 2 30
e 2 31
e 2 32
e 2 40
e 2 43
e 2 45
e 2 48
e 2 49
e 3 4
e 3 6
e 3 12
e 3 13
e 3 15
e 3 21
e 3 22
e 3 24
e 3 26
e 3 35
e 3 37
e 3 40
e 3 44
e 3 48
e 3 49
e 4 5
e 4 13
e 4 19
e 4 20
e 4 21
e 4 22
e 4 24
e 4 28
e 4 33
e 4 36
e 4 41
e 4 46
e 4 47
e 5 6
e 5 9
e 5 15
e 5 18
e 5 22
e 5 24
e 5 25
e 5 27
e 5 28
e 5 36
e 5 38
e 5 39
e 5 48
e 6 12
e 6 13
e 6 14
e 6 15
e 6 20
e 6 21
e 6 26
e 6 36
e 6 40
e 6 42
e 6 46
e 7 8
e 7 11
e 7 13
e 7 14
e 7 20
e 7 21
e 7 38
e 7 42
e 7 46
e 7 47
e 8 10
e 8 11
e 8 15
e 8 18
e 8 22
e 8 23
e 8 25
e 8 28
e 8 29
e 8 32
e 8 35
e 8 41
e 8 45
e 9 12
e 9 13
e 9 18
e 9 25
e 9 26
e 9 27
e 9 28
e 9 31
e 9 32
e 9 34
e 9 40
e 9 41
e 9 42
e 9 45
e 10 11
e 10 13
e 10 17
e 10 25
e 10 26
e 10 27
e 10 33
e 10 35
e 10 40
e 10 41
e 10 42
e 10 44
e 10 45
e 10 47
e 10 49
e 11 13
e 11 17
e 11 18
e 11 19
e 11 28
e 11 29
e 11 30
e 11 40
e 11 42
e 11 48
e 12 16
e 12 21
e 12 22
e 12 27
e 12 28
e 12 29
e 12 31
e 12 33
e 12 34
e 12 36
e 12 46
e 12 47
e 12 48
e 13 16
e 13 18
e 13 22
e 13 26
e 13 29
e 13 30
e 13 36
e 13 40
e 13 42
e 13 46
e 13 49
e 14 16
e 14 22
e 14 28
e 14 31
e 14 38
e 14 39
e 14 43
e 14 45
e 14 47
e 15 17
e 15 22
e 15 24
e 15 25
e 15 26
e 15 30
e 15 37
e 15 40
e 15 45
e 15 46
e 15 49
e 16 17
e 16 18
e 16 19
e 16 21
e 16 24
e 16 37
e 16 38
e 16 41
e 17 18
e 17 21
e 17 25
e 17 30
e 17 33
e 17 34
e 17 46
e 17 48
e 17 49
e 18 21
e 18 23
e 18 32
e 18 36
e 18 41
e 18 43
e 18 45
e 18 49
e 19 21
e 19 25
e 19 29
e 19 37
e 19 39
e 19 40
e 19 44
e 19 47
e 19 49
e 20 21
e 20 25
e 20 26
e 20 29
e 20 36
e 20 42
e 20 43
e 20 46
e 21 23
e 21 26
e 21 29
e 21 32
e 21 37
e 21 42
e 21 44
e 21 45
e 21 47
e 21 48
e 22 26
e 22 31
e 22 32
e 22 34
e 22 36
e 22 39
e 22 40
e 22 49
e 23 28
e 23 29
e 23 32
e 23 35
e 23 37
e 23 44
e 23 45
e 23 46
e 23 47
e 24 25
e 24 27
e 24 31
e 24 37
e 24 41
e 24 49
e 25 26
e 25 33
e 25 35
e 25 39
e 25 42
e 25 46
e 25 47
e 25 49
e 26 29
e 26 30
e 26 31
e 26 34
e 26 36
e 26 40
e 26 44
e 26 46
e 27 28
e 27 29
e 27 30
e 27 36
e 27 41
e 27 43
e 28 30
e 28 31
e 28 47
e 29 35
e 29 36
e 29 39
e 29 40
e 29 43
e 29 45
e 29 49
e 30 32
e 30 36
e 30 38
e 30 49
e 31 33
e 31 36
e 31 40
e 31 45
e 32 35
e 32 38
e 32 41
e 32 47
e 33 36
e 33 42
e 34 36
e 34 41
e 34 43
e 34 49
e 35 36
e 35 39
e 35 43
e 35 48
e 36 37
e 36 39
e 36 40
e 36 41
e 36 45
e 36 47
e 37 38
e 37 41
e 37 46
e 37 47
e 38 39
e 38 41
e 38 48
e 38 49
e 39 43
e 39 47
e 40 47
e 40 48
e 42 46
e 42 49
e 43 46
e 43 49
e 44 46
e 44 49
e 45 46
e 46 47
cU 1 1 1 1 1 1 1 1 1 1 1 1 1 1 1 1 1 1 1 1 1 1 1 1 1 1 1 1 1 1 1 1 1 1 1 1 1 1 1 1 1 1 1 1 1 1 1 1 1 1
cL 1 1 1 1 1 1 1 1 1 1 1 1 1 1 1 1 1 1 1 1 1 1 1 1 1 1 1 1 1 1 1 1 1 1 1 1 1 1 1 1 1 1 1 1 1 1 1 1 1 1
iL 30 30 30 30 30 30 30 30 30 30 30 30 30 30 30 30 30 30 30 30 30 30 30 30 30 30 30 30 30 30 30 30 30 30 30 30 30 30 30 30 30 30 30 30 30 30 30 30 30 30
bU 30
bL 30