p 50 er 0.3 0.4 0.15 1.0 0.6
e 0 2
e 0 6
e 0 7
e 0 14
e 0 16
e 0 18
e 0 22
e 0 24
e 0 25
e 0 32
e 0 33
e 0 39
e 0 41
e 0 44
e 0 46
e 1 5
e 1 7
e 1 8
e 1 9
e 1 11
e 1 12
e 1 14
e 1 33
e 1 39
e 1 42
e 1 44
e 1 45
e 2 4
e 2 6
e 2 8
e 2 9
e 2 11
e 2 19
e 2 20
e 2 25
e 2 26
e 2 27
e 2 30
e 2 33
e 2 34
e 2 40
e 2 41
e 2 44
e 2 46
e 2 49
e 3 7
e 3 13
e 3 14
e 3 19
e 3 21
e 3 28
e 3 30
e 3 37
e 3 38
e 3 42
e 3 45
e 4 5
e 4 6
e 4 18
e 4 21
e 4 22
e 4 24
e 4 29
e 4 30
e 4 37
e 4 44
e 4 48
e 5 8
e 5 12
e 5 18
e 5 22
e 5 23
e 5 24
e 5 26
e 5 27
e 5 30
e 5 31
e 5 32
e 5 36
e 5 42
e 5 47
e 6 7
e 6 12
e 6 21
e 6 24
e 6 27
e 6 28
e 6 31
e 6 33
e 6 37
e 6 44
e 6 46
e 7 9
e 7 13
e 7 29
e 7 31
e 7 37
e 7 39
e 7 40
e 7 42
e 7 44
e 7 45
e 7 47
e 8 10
e 8 13
e 8 14
e 8 15
e 8 16
e 8 17
e 8 21
e 8 25
e 8 26
e 8 29
e 8 34
e 8 37
e 8 39
e 8 44
e 8 45
e 8 46
e 8 48
e 9 12
e 9 13
e 9 19
e 9 21
e 9 23
e 9 33
e 9 36
e 9 42
e 9 43
e 9 44
e 9 47
e 10 11
e 10 12
e 10 14
e 10 17
e 10 20
e 10 29
e 10 30
e 10 34
e 10 35
e 10 39
e 10 40
e 10 43
e 10 44
e 10 49
e 11 18
e 11 21
e 11 23
e 11 29
e 11 32
e 11 33
e 11 35
e 11 36
e 11 41
e 11 46
e 11 48
e 11 49
e 12 13
e 12 15
e 12 17
e 12 21
e 12 23
e 12 25
e 12 27
e 12 32
e 12 33
e 12 35
e 12 38
e 12 40
e 12 45
e 13 16
e 13 17
e 13 19
e 13 25
e 13 26
e 13 31
e 13 35
e 13 39
e 13 45
e 13 47
e 13 49
e 14 16
e 14 18
e 14 20
e 14 23
e 14 24
e 14 28
e 14 30
e 14 39
e 14 42
e 14 46
e 14 49
e 15 16
e 15 17
e 15 26
e 15 28
e 15 30
e 15 34
e 15 38
e 15 39
e 15 40
e 15 44
e 15 45
e 16 17
e 16 20
e 16 24
e 16 25
e 16 28
e 16 34
e 16 37
e 16 42
e 16 43
e 16 47
e 17 24
e 17 25
e 17 26
e 17 30
e 17 31
e 17 34
e 17 36
e 17 39
e 17 41
e 17 46
e 18 19
e 18 24
e 18 27
e 18 29
e 18 30
e 18 35
e 18 38
e 18 40
e 18 46
e 19 23
e 19 26
e 19 31
e 19 37
e 19 42
e 19 44
e 19 49
e 20 24
e 20 25
e 20 32
e 20 40
e 20 42
e 20 43
e 20 45
e 20 46
e 20 48
e 21 22
e 21 28
e 21 36
e 21 38
e 21 44
e 22 24
e 22 27
e 22 31
e 22 40
e 22 44
e 22 48
e 23 25
e 23 26
e 23 32
e 23 37
e 23 39
e 23 40
e 23 41
e 23 45
e 23 48
e 24 25
e 24 29
e 24 32
e 24 33
e 24 34
e 24 39
e 24 42
e 24 45
e 25 27
e 25 28
e 25 33
e 25 34
e 25 37
e 25 38
e 25 40
e 25 45
e 26 27
e 26 29
e 26 35
e 26 37
e 26 38
e 26 41
e 27 35
e 27 47
e 28 29
e 28 32
e 29 32
e 29 33
e 29 36
e 29 38
e 29 43
e 29 46
e 29 47
e 29 49
e 30 34
e 30 40
e 30 41
e 30 42
e 30 45
e 30 48
e 31 36
e 31 40
e 31 41
e 31 42
e 31 44
e 31 45
e 31 47
e 32 35
e 32 36
e 32 41
e 32 42
e 32 45
e 32 47
e 32 48
e 33 35
e 33 41
e 33 47
e 33 48
e 34 35
e 34 38
e 34 40
e 34 43
e 34 44
e 34 46
e 35 38
e 35 40
e 35 41
e 35 44
e 35 46
e 35 47
e 36 39
e 36 40
e 36 41
e 36 42
e 36 43
e 36 44
e 36 47
e 36 48
e 36 49
e 37 39
e 37 42
e 37 49
e 38 39
e 38 45
e 38 46
e 38 49
e 39 40
e 39 41
e 40 46
e 40 48
e 40 49
e 41 47
e 42 44
e 42 47
e 42 49
e 43 45
e 43 46
e 43 47
e 43 48
e 43 49
e 44 46
e 44 47
e 45 47
e 46 48
e 46 49
e 47 49
cU 1 1 1 1 1 1 1 1 1 1 1 1 1 1 1 1 1 1 1 1 1 1 1 1 1 1 1 1 1 1 1 1 1 1 1 1 1 1 1 1 1 1 1 1 1 1 1 1 1 1
cL 1 1 1 1 1 1 1 1 1 1 1 1 1 1 1 1 1 1 1 1 1 1 1 1 1 1 1 1 1 1 1 1 1 1 1 1 1 1 1 1 1 1 1 1 1 1 1 1 1 1
iL 30 30 30 30 30 30 30 30 30 30 30 30 30 30 30 30 30 30 30 30 30 30 30 30 30 30 30 30 30 30 30 30 30 30 30 30 30 30 30 30 30 30 30 30 30 30 30 30 30 30
bU 30
bL 30