p 50 er 0.3 0.2 0.05 1.0 0.6
e 0 7
e 0 8
e 0 10
e 0 11
e 0 14
e 0 16
e 0 19
e 0 21
e 0 32
e 0 33
e 0 34
e 0 36
e 0 42
e 1 3
e 1 4
e 1 10
e 1 13
e 1 22
e 1 26
e 1 28
e 1 30
e 1 32
e 1 35
e 1 39
e 1 40
e 1 46
e 2 3
e 2 4
e 2 7
e 2 13
e 2 21
e 2 24
e 2 25
e 2 45
e 3 4
e 3 9
e 3 10
e 3 11
e 3 15
e 3 18
e 3 19
e 3 24
e 3 27
e 3 28
e 3 32
e 3 34
e 3 37
e 3 39
e 3 42
e 3 46
e 3 48
e 4 9
e 4 21
e 4 22
e 4 26
e 4 27
e 4 28
e 4 31
e 4 32
e 4 34
e 4 36
e 4 40
e 4 42
e 5 13
e 5 15
e 5 17
e 5 18
e 5 23
e 5 24
e 5 27
e 5 29
e 5 31
e 5 35
e 5 41
e 5 43
e 5 49
e 6 7
e 6 11
e 6 14
e 6 20
e 6 22
e 6 27
e 6 28
e 6 33
e 6 35
e 6 48
e 6 49
e 7 9
e 7 17
e 7 22
e 7 29
e 7 32
e 7 39
e 7 40
e 7 46
e 7 49
e 8 9
e 8 17
e 8 18
e 8 19
e 8 21
e 8 23
e 8 35
e 8 37
e 8 38
e 8 40
e 8 45
e 8 46
e 8 49
e 9 10
e 9 12
e 9 13
e 9 15
e 9 16
e 9 23
e 9 24
e 9 26
e 9 29
e 9 36
e 9 39
e 9 48
e 10 12
e 10 16
e 10 18
e 10 19
e 10 24
e 10 25
e 10 28
e 10 31
e 10 32
e 10 35
e 10 38
e 10 42
e 10 49
e 11 13
e 11 19
e 11 20
e 11 23
e 11 25
e 11 28
e 11 29
e 11 32
e 11 36
e 11 39
e 11 40
e 11 46
e 12 14
e 12 15
e 12 18
e 12 19
e 12 30
e 12 32
e 12 42
e 12 44
e 12 45
e 12 46
e 13 14
e 13 19
e 13 20
e 13 21
e 13 24
e 13 26
e 13 27
e 13 33
e 13 37
e 13 38
e 13 40
e 13 41
e 13 43
e 13 47
e 13 48
e 14 17
e 14 18
e 14 21
e 14 25
e 14 28
e 14 34
e 14 36
e 14 37
e 14 42
e 14 45
e 14 47
e 14 48
e 15 16
e 15 26
e 15 28
e 15 30
e 15 33
e 15 34
e 15 37
e 15 38
e 15 40
e 15 41
e 15 47
e 16 17
e 16 18
e 16 19
e 16 21
e 16 26
e 16 33
e 16 36
e 16 40
e 16 41
e 16 45
e 17 20
e 17 23
e 17 29
e 17 33
e 17 34
e 17 39
e 17 40
e 17 43
e 17 45
e 17 49
e 18 20
e 18 21
e 18 23
e 18 24
e 18 26
e 18 32
e 18 33
e 18 35
e 18 36
e 18 42
e 18 45
e 18 48
e 18 49
e 19 20
e 19 21
e 19 23
e 19 25
e 19 28
e 19 31
e 19 36
e 19 38
e 19 41
e 19 42
e 19 47
e 20 25
e 20 28
e 20 29
e 20 32
e 20 35
e 20 40
e 20 46
e 20 47
e 21 24
e 21 30
e 21 31
e 21 36
e 21 40
e 21 41
e 21 43
e 21 46
e 22 24
e 22 25
e 22 30
e 22 32
e 22 36
e 22 38
e 22 40
e 22 48
e 22 49
e 23 24
e 23 28
e 23 29
e 23 33
e 23 38
e 23 42
e 23 43
e 23 46
e 24 27
e 24 31
e 24 33
e 24 42
e 24 43
e 24 44
e 24 48
e 24 49
e 25 26
e 25 29
e 25 30
e 25 31
e 25 33
e 25 36
e 25 46
e 25 49
e 26 28
e 26 34
e 26 38
e 26 40
e 26 41
e 26 45
e 26 46
e 26 48
e 27 28
e 27 33
e 27 34
e 27 37
e 27 40
e 27 42
e 27 44
e 27 46
e 27 48
e 28 29
e 28 31
e 28 36
e 28 38
e 28 44
e 28 48
e 29 30
e 29 31
e 29 38
e 29 44
e 30 40
e 30 47
e 30 48
e 30 49
e 31 32
e 31 33
e 31 38
e 31 43
e 31 47
e 31 48
e 32 36
e 32 41
e 32 43
e 32 44
e 32 45
e 32 46
e 32 48
e 32 49
e 33 35
e 33 37
e 33 38
e 33 42
e 33 43
e 33 49
e 34 37
e 34 39
e 34 43
e 35 37
e 35 41
e 35 43
e 35 44
e 35 47
e 36 40
e 37 38
e 37 42
e 37 48
e 38 40
e 38 45
e 39 43
e 39 45
e 39 49
e 40 41
e 40 48
e 41 43
e 41 49
e 42 44
e 43 45
e 43 47
e 43 49
e 45 49
e 47 49
cU 1 1 1 1 1 1 1 1 1 1 1 1 1 1 1 1 1 1 1 1 1 1 1 1 1 1 1 1 1 1 1 1 1 1 1 1 1 1 1 1 1 1 1 1 1 1 1 1 1 1
cL 1 1 1 1 1 1 1 1 1 1 1 1 1 1 1 1 1 1 1 1 1 1 1 1 1 1 1 1 1 1 1 1 1 1 1 1 1 1 1 1 1 1 1 1 1 1 1 1 1 1
iL 30 30 30 30 30 30 30 30 30 30 30 30 30 30 30 30 30 30 30 30 30 30 30 30 30 30 30 30 30 30 30 30 30 30 30 30 30 30 30 30 30 30 30 30 30 30 30 30 30 30
bU 30
bL 30