p 50 er 0.3 0.4 0.15 1.0 0.6
e 0 10
e 0 12
e 0 18
e 0 24
e 0 26
e 0 29
e 0 31
e 0 37
e 0 39
e 0 41
e 0 47
e 0 48
e 0 49
e 1 3
e 1 9
e 1 11
e 1 12
e 1 16
e 1 21
e 1 29
e 1 32
e 1 33
e 1 34
e 1 36
e 1 37
e 1 38
e 1 40
e 1 41
e 1 42
e 1 43
e 1 44
e 2 8
e 2 10
e 2 13
e 2 17
e 2 19
e 2 29
e 2 30
e 2 31
e 2 34
e 2 39
e 2 44
e 2 46
e 2 47
e 2 49
e 3 10
e 3 11
e 3 12
e 3 17
e 3 20
e 3 21
e 3 22
e 3 25
e 3 27
e 3 30
e 3 31
e 3 32
e 3 38
e 3 39
e 3 43
e 3 46
e 3 47
e 3 48
e 3 49
e 4 5
e 4 10
e 4 12
e 4 16
e 4 21
e 4 22
e 4 25
e 4 29
e 4 33
e 4 34
e 4 40
e 4 46
e 4 47
e 5 9
e 5 12
e 5 13
e 5 14
e 5 23
e 5 24
e 5 25
e 5 29
e 5 34
e 5 35
e 5 36
e 5 44
e 6 8
e 6 10
e 6 12
e 6 20
e 6 26
e 6 28
e 6 30
e 6 33
e 6 36
e 6 37
e 6 38
e 6 40
e 6 44
e 6 47
e 6 49
e 7 11
e 7 12
e 7 19
e 7 20
e 7 22
e 7 25
e 7 27
e 7 31
e 7 37
e 7 38
e 7 39
e 7 42
e 7 44
e 7 49
e 8 9
e 8 16
e 8 25
e 8 27
e 8 33
e 8 34
e 8 41
e 8 43
e 8 45
e 8 49
e 9 11
e 9 14
e 9 17
e 9 21
e 9 22
e 9 23
e 9 26
e 9 37
e 9 38
e 9 40
e 9 46
e 9 47
e 9 48
e 10 11
e 10 12
e 10 13
e 10 18
e 10 23
e 10 32
e 10 34
e 10 39
e 10 42
e 10 44
e 11 12
e 11 17
e 11 24
e 11 27
e 11 29
e 11 35
e 11 36
e 11 41
e 11 44
e 11 49
e 12 15
e 12 16
e 12 19
e 12 25
e 12 27
e 12 32
e 12 36
e 12 37
e 12 39
e 12 44
e 12 49
e 13 15
e 13 18
e 13 26
e 13 27
e 13 32
e 13 34
e 13 41
e 13 44
e 14 15
e 14 16
e 14 17
e 14 18
e 14 20
e 14 26
e 14 30
e 14 33
e 14 37
e 14 42
e 14 47
e 15 16
e 15 17
e 15 22
e 15 25
e 15 26
e 15 28
e 15 37
e 15 38
e 15 41
e 15 42
e 15 45
e 15 46
e 15 47
e 15 48
e 15 49
e 16 18
e 16 19
e 16 20
e 16 23
e 16 29
e 16 30
e 16 31
e 16 33
e 16 35
e 16 36
e 16 37
e 16 38
e 16 40
e 16 41
e 16 42
e 16 46
e 16 47
e 16 48
e 17 20
e 17 21
e 17 23
e 17 27
e 17 28
e 17 31
e 17 33
e 17 37
e 17 39
e 17 42
e 18 19
e 18 25
e 18 28
e 18 32
e 18 36
e 18 45
e 19 21
e 19 28
e 19 30
e 19 32
e 19 35
e 19 40
e 19 42
e 19 43
e 19 44
e 19 45
e 19 47
e 20 26
e 20 29
e 20 35
e 20 37
e 20 42
e 20 47
e 20 48
e 21 32
e 21 33
e 21 34
e 21 35
e 21 39
e 21 42
e 21 45
e 22 24
e 22 28
e 22 29
e 22 31
e 22 32
e 22 34
e 22 35
e 22 36
e 22 38
e 22 45
e 22 46
e 22 49
e 23 32
e 23 47
e 23 48
e 24 26
e 24 31
e 24 38
e 24 39
e 24 40
e 24 42
e 24 45
e 24 48
e 25 31
e 25 33
e 25 43
e 25 44
e 25 47
e 25 49
e 26 29
e 26 34
e 26 39
e 26 43
e 26 45
e 27 29
e 27 31
e 27 32
e 27 35
e 27 36
e 27 43
e 27 44
e 27 45
e 27 47
e 28 29
e 28 33
e 28 34
e 28 36
e 28 37
e 28 40
e 28 43
e 28 44
e 28 46
e 28 47
e 28 48
e 28 49
e 29 38
e 29 42
e 29 44
e 29 48
e 30 34
e 30 37
e 30 38
e 30 41
e 30 43
e 30 45
e 30 48
e 31 39
e 31 40
e 31 46
e 31 47
e 32 37
e 32 39
e 32 40
e 32 43
e 32 44
e 32 46
e 33 34
e 34 38
e 34 45
e 35 37
e 35 44
e 35 47
e 36 38
e 36 41
e 36 43
e 36 47
e 37 38
e 38 44
e 39 48
e 39 49
e 40 44
e 42 44
e 42 47
e 42 49
e 43 48
e 43 49
e 44 45
e 44 46
e 44 48
cU 1 1 1 1 1 1 1 1 1 1 1 1 1 1 1 1 1 1 1 1 1 1 1 1 1 1 1 1 1 1 1 1 1 1 1 1 1 1 1 1 1 1 1 1 1 1 1 1 1 1
cL 1 1 1 1 1 1 1 1 1 1 1 1 1 1 1 1 1 1 1 1 1 1 1 1 1 1 1 1 1 1 1 1 1 1 1 1 1 1 1 1 1 1 1 1 1 1 1 1 1 1
iL 30 30 30 30 30 30 30 30 30 30 30 30 30 30 30 30 30 30 30 30 30 30 30 30 30 30 30 30 30 30 30 30 30 30 30 30 30 30 30 30 30 30 30 30 30 30 30 30 30 30
bU 30
bL 30