p 50 er 0.3 0.2 0.05 1.0 0.6
e 0 5
e 0 7
e 0 11
e 0 12
e 0 13
e 0 16
e 0 17
e 0 20
e 0 23
e 0 33
e 0 35
e 0 38
e 0 40
e 0 42
e 0 44
e 0 46
e 0 47
e 0 49
e 1 3
e 1 14
e 1 15
e 1 17
e 1 19
e 1 25
e 1 28
e 1 29
e 1 39
e 1 42
e 1 45
e 1 46
e 1 47
e 1 49
e 2 6
e 2 8
e 2 10
e 2 11
e 2 13
e 2 14
e 2 20
e 2 23
e 2 24
e 2 30
e 2 31
e 2 36
e 2 39
e 2 43
e 2 48
e 3 4
e 3 6
e 3 8
e 3 12
e 3 18
e 3 23
e 3 27
e 3 30
e 3 35
e 3 39
e 3 43
e 3 45
e 3 48
e 4 9
e 4 13
e 4 15
e 4 16
e 4 17
e 4 18
e 4 21
e 4 22
e 4 25
e 4 27
e 4 29
e 4 30
e 4 31
e 4 33
e 4 40
e 4 47
e 4 48
e 5 6
e 5 7
e 5 8
e 5 14
e 5 17
e 5 19
e 5 22
e 5 27
e 5 29
e 5 31
e 5 32
e 5 34
e 5 46
e 6 10
e 6 18
e 6 19
e 6 24
e 6 25
e 6 28
e 6 29
e 6 34
e 6 37
e 6 42
e 6 44
e 6 45
e 7 9
e 7 12
e 7 16
e 7 17
e 7 26
e 7 33
e 7 34
e 7 35
e 7 37
e 7 38
e 7 43
e 7 49
e 8 11
e 8 14
e 8 17
e 8 23
e 8 28
e 8 30
e 8 31
e 8 32
e 8 36
e 8 41
e 8 42
e 9 12
e 9 13
e 9 14
e 9 16
e 9 20
e 9 21
e 9 24
e 9 30
e 9 34
e 9 35
e 9 37
e 9 38
e 9 41
e 9 42
e 9 46
e 9 48
e 9 49
e 10 11
e 10 13
e 10 16
e 10 17
e 10 18
e 10 20
e 10 24
e 10 25
e 10 27
e 10 31
e 10 39
e 10 45
e 10 47
e 11 14
e 11 18
e 11 23
e 11 27
e 11 28
e 11 36
e 11 39
e 11 41
e 11 43
e 11 46
e 12 13
e 12 17
e 12 19
e 12 26
e 12 30
e 12 32
e 12 34
e 12 44
e 12 47
e 12 48
e 13 16
e 13 18
e 13 20
e 13 25
e 13 26
e 13 27
e 13 30
e 13 32
e 13 37
e 13 40
e 13 42
e 13 43
e 13 44
e 13 46
e 13 47
e 13 48
e 14 15
e 14 19
e 14 20
e 14 21
e 14 27
e 14 28
e 14 30
e 14 35
e 14 38
e 14 42
e 14 44
e 15 16
e 15 22
e 15 27
e 15 28
e 15 32
e 15 33
e 15 36
e 15 41
e 15 43
e 15 44
e 15 45
e 15 46
e 15 47
e 15 49
e 16 18
e 16 26
e 16 27
e 16 29
e 16 34
e 16 36
e 16 37
e 16 39
e 16 45
e 16 46
e 17 20
e 17 21
e 17 27
e 17 36
e 17 37
e 17 38
e 17 41
e 17 46
e 17 47
e 18 22
e 18 23
e 18 25
e 18 28
e 18 30
e 18 31
e 18 32
e 18 34
e 18 38
e 18 41
e 18 46
e 19 23
e 19 26
e 19 27
e 19 34
e 19 41
e 19 42
e 20 22
e 20 23
e 20 27
e 20 28
e 20 35
e 20 41
e 20 45
e 20 46
e 20 48
e 21 23
e 21 24
e 21 28
e 21 32
e 21 33
e 21 34
e 21 35
e 21 37
e 21 42
e 21 49
e 22 25
e 22 35
e 22 36
e 22 37
e 22 44
e 23 25
e 23 26
e 23 30
e 23 33
e 23 38
e 23 39
e 23 40
e 23 41
e 23 43
e 23 47
e 24 26
e 24 30
e 24 38
e 24 41
e 24 45
e 24 48
e 25 26
e 25 29
e 25 30
e 25 37
e 25 38
e 25 39
e 25 46
e 25 47
e 25 49
e 26 32
e 26 38
e 26 43
e 26 47
e 27 28
e 27 29
e 27 30
e 27 31
e 27 32
e 27 34
e 27 40
e 27 44
e 27 47
e 28 31
e 28 34
e 28 35
e 28 42
e 28 43
e 28 45
e 28 46
e 28 48
e 29 34
e 29 36
e 29 46
e 29 48
e 29 49
e 30 41
e 30 48
e 31 33
e 31 35
e 31 37
e 31 43
e 31 46
e 31 49
e 32 37
e 32 38
e 32 40
e 32 41
e 32 44
e 33 36
e 33 39
e 33 48
e 34 35
e 34 36
e 34 37
e 34 40
e 34 43
e 34 46
e 34 49
e 35 39
e 35 45
e 35 49
e 36 43
e 36 45
e 37 49
e 38 40
e 39 40
e 39 47
e 40 46
e 40 47
e 40 49
e 41 43
e 41 47
e 42 48
e 43 44
e 43 47
e 43 48
e 43 49
e 44 46
e 44 48
e 45 47
e 45 49
e 46 49
e 47 49
e 48 49
cU 1 1 1 1 1 1 1 1 1 1 1 1 1 1 1 1 1 1 1 1 1 1 1 1 1 1 1 1 1 1 1 1 1 1 1 1 1 1 1 1 1 1 1 1 1 1 1 1 1 1
cL 1 1 1 1 1 1 1 1 1 1 1 1 1 1 1 1 1 1 1 1 1 1 1 1 1 1 1 1 1 1 1 1 1 1 1 1 1 1 1 1 1 1 1 1 1 1 1 1 1 1
iL 30 30 30 30 30 30 30 30 30 30 30 30 30 30 30 30 30 30 30 30 30 30 30 30 30 30 30 30 30 30 30 30 30 30 30 30 30 30 30 30 30 30 30 30 30 30 30 30 30 30
bU 30
bL 30