p 50 er 0.3 0.15 0.15 1.0 0.6
e 0 2
e 0 5
e 0 7
e 0 16
e 0 17
e 0 19
e 0 22
e 0 35
e 0 36
e 0 39
e 1 2
e 1 5
e 1 11
e 1 24
e 1 26
e 1 31
e 1 32
e 1 33
e 1 47
e 2 11
e 2 15
e 2 21
e 2 23
e 2 27
e 2 30
e 2 36
e 2 39
e 2 41
e 2 42
e 2 44
e 3 9
e 3 19
e 3 21
e 3 25
e 3 28
e 3 29
e 3 31
e 3 36
e 3 39
e 3 44
e 3 48
e 4 6
e 4 7
e 4 8
e 4 9
e 4 13
e 4 16
e 4 19
e 4 21
e 4 23
e 4 25
e 4 27
e 4 32
e 4 39
e 4 40
e 4 43
e 4 46
e 4 47
e 5 7
e 5 8
e 5 12
e 5 17
e 5 29
e 5 33
e 5 38
e 5 39
e 5 41
e 5 42
e 5 46
e 5 47
e 5 48
e 6 7
e 6 10
e 6 20
e 6 30
e 6 31
e 6 33
e 6 36
e 6 38
e 6 49
e 7 8
e 7 10
e 7 14
e 7 17
e 7 18
e 7 19
e 7 22
e 7 24
e 7 25
e 7 33
e 7 38
e 7 49
e 8 10
e 8 12
e 8 13
e 8 14
e 8 15
e 8 18
e 8 22
e 8 32
e 8 35
e 8 44
e 8 45
e 9 11
e 9 15
e 9 16
e 9 19
e 9 20
e 9 25
e 9 27
e 9 29
e 9 32
e 9 35
e 9 38
e 9 39
e 9 43
e 9 44
e 10 11
e 10 14
e 10 15
e 10 18
e 10 20
e 10 21
e 10 22
e 10 28
e 10 30
e 10 36
e 10 38
e 10 40
e 10 45
e 11 12
e 11 18
e 11 28
e 11 30
e 11 32
e 11 35
e 11 42
e 11 46
e 12 14
e 12 16
e 12 17
e 12 20
e 12 22
e 12 26
e 12 30
e 12 38
e 12 39
e 12 45
e 12 49
e 13 16
e 13 18
e 13 21
e 13 25
e 13 27
e 13 29
e 13 30
e 13 31
e 13 33
e 13 36
e 13 37
e 13 39
e 13 40
e 13 41
e 13 43
e 14 19
e 14 20
e 14 22
e 14 26
e 14 30
e 14 32
e 14 33
e 14 35
e 14 37
e 14 43
e 14 49
e 15 21
e 15 22
e 15 23
e 15 25
e 15 29
e 15 30
e 15 31
e 15 32
e 15 33
e 15 34
e 15 38
e 15 40
e 15 43
e 15 44
e 15 46
e 15 48
e 16 19
e 16 22
e 16 23
e 16 24
e 16 28
e 16 33
e 16 39
e 16 41
e 16 42
e 16 43
e 16 45
e 16 49
e 17 18
e 17 19
e 17 20
e 17 23
e 17 26
e 17 28
e 17 37
e 17 38
e 17 42
e 17 44
e 17 47
e 18 22
e 18 24
e 18 26
e 18 33
e 18 34
e 18 35
e 18 38
e 18 41
e 18 42
e 18 48
e 19 20
e 19 31
e 19 34
e 19 36
e 19 43
e 20 31
e 20 32
e 20 34
e 20 36
e 20 40
e 20 45
e 20 49
e 21 23
e 21 24
e 21 27
e 21 32
e 21 33
e 21 37
e 21 44
e 21 47
e 22 25
e 22 26
e 22 27
e 22 28
e 22 32
e 22 33
e 22 35
e 22 42
e 22 43
e 22 47
e 23 24
e 23 25
e 23 26
e 23 30
e 23 33
e 23 36
e 23 38
e 23 39
e 23 42
e 23 45
e 23 46
e 23 48
e 24 27
e 24 30
e 24 31
e 24 35
e 24 36
e 24 41
e 24 42
e 24 43
e 25 26
e 25 27
e 25 31
e 25 39
e 26 27
e 26 29
e 26 32
e 26 34
e 26 43
e 26 47
e 27 28
e 27 29
e 27 33
e 27 39
e 27 41
e 27 42
e 27 43
e 27 44
e 27 45
e 27 48
e 27 49
e 28 31
e 28 33
e 28 42
e 28 46
e 28 48
e 29 33
e 29 38
e 29 39
e 29 41
e 29 46
e 29 48
e 30 37
e 30 43
e 30 45
e 30 46
e 31 36
e 31 37
e 31 38
e 31 39
e 31 45
e 31 47
e 31 49
e 32 33
e 32 34
e 32 43
e 32 49
e 33 39
e 33 42
e 33 46
e 34 38
e 34 39
e 34 43
e 34 45
e 34 46
e 35 37
e 35 41
e 35 45
e 35 47
e 35 48
e 36 39
e 36 40
e 36 41
e 36 43
e 36 45
e 36 46
e 37 38
e 37 39
e 37 42
e 37 43
e 37 44
e 37 46
e 37 49
e 38 39
e 38 40
e 38 42
e 38 47
e 38 49
e 39 41
e 39 45
e 40 44
e 40 48
e 41 44
e 41 45
e 41 48
e 41 49
e 42 45
e 42 47
e 43 44
e 43 46
e 43 48
e 44 46
e 44 49
e 45 46
cU 1 1 1 1 1 1 1 1 1 1 1 1 1 1 1 1 1 1 1 1 1 1 1 1 1 1 1 1 1 1 1 1 1 1 1 1 1 1 1 1 1 1 1 1 1 1 1 1 1 1
cL 1 1 1 1 1 1 1 1 1 1 1 1 1 1 1 1 1 1 1 1 1 1 1 1 1 1 1 1 1 1 1 1 1 1 1 1 1 1 1 1 1 1 1 1 1 1 1 1 1 1
iL 30 30 30 30 30 30 30 30 30 30 30 30 30 30 30 30 30 30 30 30 30 30 30 30 30 30 30 30 30 30 30 30 30 30 30 30 30 30 30 30 30 30 30 30 30 30 30 30 30 30
bU 30
bL 30