p 50 er 0.3 0.1 0.15 1.0 0.6
e 0 4
e 0 8
e 0 18
e 0 26
e 0 32
e 0 38
e 0 42
e 0 45
e 0 49
e 1 12
e 1 16
e 1 19
e 1 25
e 1 26
e 1 33
e 1 37
e 1 41
e 1 42
e 1 44
e 2 6
e 2 15
e 2 20
e 2 21
e 2 28
e 2 29
e 2 31
e 2 37
e 2 43
e 2 48
e 3 5
e 3 10
e 3 17
e 3 18
e 3 23
e 3 24
e 3 25
e 3 30
e 3 36
e 3 41
e 3 43
e 3 48
e 3 49
e 4 6
e 4 7
e 4 8
e 4 10
e 4 11
e 4 12
e 4 13
e 4 14
e 4 21
e 4 23
e 4 25
e 4 32
e 4 33
e 4 34
e 4 39
e 4 42
e 4 44
e 4 45
e 4 49
e 5 7
e 5 8
e 5 19
e 5 28
e 5 30
e 5 31
e 5 32
e 5 33
e 5 40
e 5 44
e 5 46
e 5 48
e 6 10
e 6 13
e 6 18
e 6 19
e 6 21
e 6 23
e 6 29
e 6 30
e 6 31
e 6 34
e 6 37
e 6 42
e 6 43
e 6 44
e 6 46
e 6 49
e 7 9
e 7 14
e 7 16
e 7 21
e 7 22
e 7 26
e 7 30
e 7 36
e 7 37
e 7 41
e 7 42
e 8 14
e 8 15
e 8 23
e 8 26
e 8 27
e 8 31
e 8 34
e 8 35
e 8 39
e 8 41
e 8 42
e 8 44
e 8 46
e 8 49
e 9 20
e 9 21
e 9 23
e 9 25
e 9 31
e 9 45
e 10 14
e 10 17
e 10 18
e 10 20
e 10 24
e 10 25
e 10 32
e 10 35
e 10 37
e 10 38
e 10 44
e 10 46
e 11 16
e 11 22
e 11 23
e 11 24
e 11 33
e 11 49
e 12 13
e 12 17
e 12 22
e 12 25
e 12 34
e 12 43
e 12 44
e 12 46
e 12 47
e 12 48
e 12 49
e 13 17
e 13 19
e 13 21
e 13 23
e 13 27
e 13 28
e 13 34
e 13 36
e 13 43
e 13 45
e 14 15
e 14 16
e 14 19
e 14 23
e 14 31
e 14 34
e 14 35
e 14 36
e 14 38
e 14 40
e 14 41
e 14 42
e 14 48
e 15 18
e 15 20
e 15 25
e 15 28
e 15 31
e 15 32
e 15 37
e 15 38
e 15 41
e 16 27
e 16 28
e 16 31
e 16 38
e 16 40
e 16 41
e 16 45
e 16 46
e 16 48
e 17 19
e 17 24
e 17 25
e 17 26
e 17 34
e 17 36
e 17 38
e 17 43
e 17 45
e 17 48
e 17 49
e 18 19
e 18 28
e 18 33
e 18 37
e 18 38
e 18 43
e 18 45
e 18 47
e 18 49
e 19 22
e 19 27
e 19 28
e 19 31
e 19 32
e 19 34
e 19 36
e 19 38
e 19 40
e 19 42
e 19 48
e 19 49
e 20 23
e 20 27
e 20 29
e 20 30
e 20 36
e 20 37
e 20 41
e 20 43
e 20 45
e 21 24
e 21 26
e 21 36
e 21 41
e 22 23
e 22 25
e 22 26
e 22 30
e 22 31
e 22 32
e 22 44
e 22 45
e 23 34
e 23 45
e 23 46
e 24 28
e 24 29
e 24 33
e 24 34
e 24 42
e 24 43
e 24 44
e 25 29
e 25 31
e 25 35
e 25 36
e 25 38
e 25 44
e 25 45
e 25 46
e 25 48
e 25 49
e 26 30
e 26 32
e 26 35
e 26 37
e 26 38
e 26 40
e 26 41
e 26 46
e 26 48
e 26 49
e 27 30
e 27 31
e 27 36
e 27 37
e 27 38
e 27 39
e 27 40
e 27 41
e 27 42
e 27 45
e 27 49
e 28 34
e 28 35
e 28 37
e 28 40
e 29 30
e 29 32
e 29 36
e 29 41
e 29 46
e 30 32
e 30 36
e 30 37
e 30 41
e 30 42
e 30 45
e 30 49
e 31 36
e 31 38
e 31 44
e 31 45
e 31 46
e 32 34
e 32 35
e 32 36
e 32 37
e 32 39
e 32 40
e 32 41
e 32 46
e 32 47
e 33 37
e 33 48
e 33 49
e 34 41
e 34 48
e 35 37
e 35 38
e 35 40
e 35 44
e 35 47
e 36 37
e 36 40
e 36 41
e 36 44
e 37 38
e 37 49
e 38 39
e 38 42
e 38 43
e 38 46
e 39 42
e 39 43
e 39 45
e 39 48
e 40 48
e 41 48
e 43 46
e 43 48
e 44 48
e 44 49
e 45 49
e 46 49
e 47 49
cU 1 1 1 1 1 1 1 1 1 1 1 1 1 1 1 1 1 1 1 1 1 1 1 1 1 1 1 1 1 1 1 1 1 1 1 1 1 1 1 1 1 1 1 1 1 1 1 1 1 1
cL 1 1 1 1 1 1 1 1 1 1 1 1 1 1 1 1 1 1 1 1 1 1 1 1 1 1 1 1 1 1 1 1 1 1 1 1 1 1 1 1 1 1 1 1 1 1 1 1 1 1
iL 30 30 30 30 30 30 30 30 30 30 30 30 30 30 30 30 30 30 30 30 30 30 30 30 30 30 30 30 30 30 30 30 30 30 30 30 30 30 30 30 30 30 30 30 30 30 30 30 30 30
bU 30
bL 30