p 50 er 0.3 0.2 0.15 1.0 0.6
e 0 1
e 0 2
e 0 3
e 0 5
e 0 8
e 0 9
e 0 11
e 0 12
e 0 14
e 0 15
e 0 24
e 0 25
e 0 27
e 0 29
e 0 34
e 0 35
e 0 38
e 0 46
e 1 5
e 1 10
e 1 14
e 1 15
e 1 20
e 1 21
e 1 29
e 1 36
e 1 42
e 1 45
e 1 49
e 2 9
e 2 12
e 2 13
e 2 17
e 2 20
e 2 23
e 2 28
e 2 30
e 2 35
e 2 38
e 2 42
e 2 44
e 3 4
e 3 7
e 3 27
e 3 29
e 3 31
e 3 36
e 3 38
e 3 40
e 3 43
e 3 44
e 3 45
e 3 47
e 3 49
e 4 5
e 4 8
e 4 13
e 4 22
e 4 23
e 4 24
e 4 29
e 4 34
e 4 39
e 4 43
e 4 44
e 4 48
e 5 11
e 5 13
e 5 19
e 5 20
e 5 21
e 5 25
e 5 31
e 5 32
e 5 34
e 5 35
e 5 42
e 5 43
e 5 45
e 5 48
e 5 49
e 6 14
e 6 15
e 6 17
e 6 31
e 6 33
e 6 34
e 6 40
e 7 10
e 7 12
e 7 13
e 7 15
e 7 18
e 7 22
e 7 23
e 7 26
e 7 27
e 7 30
e 7 32
e 7 33
e 7 34
e 7 36
e 7 41
e 7 44
e 7 47
e 8 9
e 8 11
e 8 13
e 8 14
e 8 19
e 8 24
e 8 26
e 8 36
e 8 38
e 8 40
e 8 45
e 9 10
e 9 17
e 9 20
e 9 28
e 9 29
e 9 34
e 9 35
e 9 36
e 9 43
e 9 44
e 9 49
e 10 13
e 10 17
e 10 18
e 10 19
e 10 20
e 10 24
e 10 27
e 10 33
e 10 36
e 10 42
e 10 49
e 11 16
e 11 17
e 11 24
e 11 26
e 11 28
e 11 33
e 11 44
e 11 45
e 11 48
e 11 49
e 12 17
e 12 20
e 12 21
e 12 23
e 12 35
e 12 37
e 12 39
e 12 45
e 12 49
e 13 15
e 13 17
e 13 21
e 13 27
e 13 28
e 13 30
e 13 31
e 13 38
e 13 40
e 13 41
e 13 42
e 13 43
e 14 19
e 14 21
e 14 23
e 14 24
e 14 25
e 14 26
e 14 29
e 14 30
e 14 31
e 14 33
e 14 35
e 14 36
e 14 43
e 14 44
e 14 47
e 14 48
e 14 49
e 15 18
e 15 19
e 15 24
e 15 27
e 15 29
e 15 34
e 15 35
e 15 36
e 15 43
e 15 45
e 15 46
e 15 49
e 16 21
e 16 28
e 16 33
e 16 37
e 16 38
e 16 39
e 16 41
e 16 42
e 16 46
e 17 19
e 17 20
e 17 23
e 17 24
e 17 25
e 17 29
e 17 34
e 17 35
e 17 37
e 17 40
e 17 41
e 17 42
e 18 19
e 18 20
e 18 22
e 18 26
e 18 32
e 18 38
e 18 44
e 18 45
e 18 46
e 18 48
e 19 24
e 19 26
e 19 28
e 19 30
e 19 31
e 19 36
e 19 37
e 19 40
e 19 41
e 19 42
e 19 43
e 19 45
e 20 24
e 20 28
e 20 32
e 20 35
e 20 38
e 20 46
e 20 48
e 21 22
e 21 24
e 21 26
e 21 29
e 21 34
e 21 36
e 21 41
e 21 47
e 21 48
e 21 49
e 22 24
e 22 26
e 22 32
e 22 37
e 22 47
e 23 24
e 23 25
e 23 26
e 23 31
e 23 32
e 23 33
e 23 38
e 23 39
e 23 44
e 23 47
e 23 48
e 24 27
e 24 30
e 24 35
e 24 38
e 24 39
e 24 42
e 24 43
e 24 45
e 24 46
e 25 28
e 25 29
e 25 30
e 25 31
e 25 33
e 25 34
e 25 36
e 25 37
e 25 39
e 25 44
e 25 45
e 26 30
e 26 32
e 26 35
e 26 36
e 26 38
e 26 41
e 26 49
e 27 28
e 27 46
e 27 49
e 28 30
e 28 34
e 28 36
e 28 37
e 28 39
e 28 42
e 28 45
e 28 47
e 28 48
e 29 33
e 29 37
e 29 38
e 29 44
e 29 48
e 30 35
e 30 42
e 30 44
e 31 36
e 31 38
e 31 47
e 31 48
e 31 49
e 32 36
e 32 37
e 32 40
e 32 43
e 32 47
e 32 48
e 33 34
e 33 37
e 33 38
e 33 40
e 33 43
e 33 44
e 33 45
e 34 36
e 34 37
e 34 39
e 34 44
e 34 49
e 35 39
e 35 47
e 35 48
e 35 49
e 36 37
e 36 38
e 36 39
e 36 43
e 36 47
e 37 39
e 37 40
e 37 41
e 37 43
e 37 44
e 37 45
e 37 48
e 37 49
e 38 41
e 38 46
e 39 40
e 39 48
e 39 49
e 40 44
e 41 42
e 42 43
e 42 44
e 42 45
e 42 47
e 42 49
e 43 44
e 43 45
e 45 47
e 45 48
e 46 48
e 47 49
e 48 49
cU 1 1 1 1 1 1 1 1 1 1 1 1 1 1 1 1 1 1 1 1 1 1 1 1 1 1 1 1 1 1 1 1 1 1 1 1 1 1 1 1 1 1 1 1 1 1 1 1 1 1
cL 1 1 1 1 1 1 1 1 1 1 1 1 1 1 1 1 1 1 1 1 1 1 1 1 1 1 1 1 1 1 1 1 1 1 1 1 1 1 1 1 1 1 1 1 1 1 1 1 1 1
iL 30 30 30 30 30 30 30 30 30 30 30 30 30 30 30 30 30 30 30 30 30 30 30 30 30 30 30 30 30 30 30 30 30 30 30 30 30 30 30 30 30 30 30 30 30 30 30 30 30 30
bU 30
bL 30