p 50 er 0.3 0.2 0.05 1.0 0.6
e 0 2
e 0 4
e 0 8
e 0 9
e 0 10
e 0 18
e 0 20
e 0 35
e 0 36
e 0 42
e 0 43
e 0 44
e 0 46
e 0 47
e 0 48
e 1 4
e 1 7
e 1 8
e 1 9
e 1 14
e 1 19
e 1 26
e 1 28
e 1 31
e 1 40
e 1 41
e 1 43
e 1 45
e 1 46
e 1 49
e 2 4
e 2 11
e 2 24
e 2 27
e 2 30
e 2 31
e 2 32
e 2 33
e 2 35
e 2 36
e 2 44
e 2 47
e 2 49
e 3 8
e 3 10
e 3 11
e 3 12
e 3 16
e 3 18
e 3 20
e 3 26
e 3 27
e 3 29
e 3 32
e 3 35
e 3 36
e 3 38
e 3 39
e 3 40
e 3 41
e 3 43
e 3 47
e 3 48
e 3 49
e 4 6
e 4 8
e 4 9
e 4 10
e 4 15
e 4 27
e 4 28
e 4 35
e 4 39
e 4 41
e 4 42
e 4 48
e 4 49
e 5 8
e 5 20
e 5 23
e 5 29
e 5 30
e 5 31
e 5 33
e 5 35
e 5 39
e 5 44
e 5 46
e 6 10
e 6 11
e 6 14
e 6 18
e 6 23
e 6 27
e 6 31
e 6 32
e 6 33
e 6 36
e 6 45
e 6 47
e 6 48
e 6 49
e 7 9
e 7 11
e 7 12
e 7 15
e 7 17
e 7 18
e 7 19
e 7 20
e 7 21
e 7 25
e 7 26
e 7 29
e 7 31
e 7 48
e 8 14
e 8 18
e 8 19
e 8 20
e 8 22
e 8 23
e 8 27
e 8 29
e 8 31
e 8 34
e 8 36
e 8 39
e 8 41
e 8 43
e 9 12
e 9 14
e 9 15
e 9 21
e 9 22
e 9 30
e 9 32
e 9 35
e 9 42
e 9 43
e 9 44
e 9 46
e 9 47
e 9 48
e 10 11
e 10 16
e 10 17
e 10 21
e 10 32
e 10 34
e 10 43
e 10 46
e 10 49
e 11 15
e 11 17
e 11 18
e 11 24
e 11 26
e 11 31
e 11 32
e 11 43
e 11 44
e 11 48
e 12 13
e 12 18
e 12 19
e 12 23
e 12 33
e 12 40
e 12 44
e 12 46
e 12 48
e 12 49
e 13 22
e 13 23
e 13 35
e 13 40
e 13 41
e 13 42
e 13 44
e 13 46
e 13 47
e 14 17
e 14 22
e 14 24
e 14 25
e 14 31
e 14 36
e 14 45
e 14 47
e 15 16
e 15 17
e 15 21
e 15 34
e 15 36
e 15 37
e 15 42
e 15 43
e 16 18
e 16 24
e 16 25
e 16 34
e 16 35
e 16 39
e 16 40
e 16 49
e 17 18
e 17 22
e 17 23
e 17 27
e 17 29
e 17 31
e 17 32
e 17 33
e 17 36
e 17 44
e 17 45
e 18 20
e 18 21
e 18 22
e 18 23
e 18 25
e 18 31
e 18 32
e 18 34
e 18 35
e 18 38
e 18 39
e 18 40
e 18 42
e 18 44
e 18 46
e 18 47
e 18 49
e 19 21
e 19 25
e 19 27
e 19 29
e 19 38
e 19 39
e 19 41
e 19 45
e 19 46
e 20 21
e 20 22
e 20 24
e 20 26
e 20 27
e 20 31
e 20 32
e 20 42
e 20 43
e 20 45
e 20 48
e 21 24
e 21 30
e 21 33
e 21 35
e 21 45
e 22 28
e 22 29
e 22 39
e 22 43
e 22 46
e 23 25
e 23 27
e 23 28
e 23 32
e 23 40
e 23 43
e 23 45
e 23 46
e 24 33
e 24 37
e 24 39
e 24 40
e 24 43
e 24 47
e 24 48
e 25 30
e 25 32
e 25 33
e 25 35
e 25 38
e 25 39
e 25 41
e 25 43
e 25 45
e 26 27
e 26 29
e 26 31
e 26 34
e 26 36
e 26 42
e 26 46
e 26 47
e 27 28
e 27 31
e 27 33
e 27 35
e 27 39
e 27 41
e 27 42
e 28 32
e 28 35
e 28 44
e 28 47
e 29 30
e 29 33
e 29 36
e 29 37
e 29 38
e 29 39
e 29 44
e 29 46
e 30 31
e 30 32
e 30 40
e 30 41
e 30 42
e 30 43
e 30 46
e 31 34
e 31 39
e 31 43
e 31 44
e 31 48
e 32 44
e 32 45
e 32 46
e 32 47
e 32 48
e 32 49
e 33 36
e 34 37
e 34 40
e 34 41
e 34 43
e 34 45
e 34 47
e 35 36
e 35 37
e 35 38
e 35 39
e 35 40
e 35 42
e 35 43
e 35 45
e 36 39
e 36 41
e 36 43
e 36 45
e 36 46
e 36 49
e 37 43
e 37 44
e 37 48
e 38 39
e 38 48
e 39 41
e 39 45
e 39 48
e 40 43
e 40 45
e 40 47
e 42 43
e 42 45
e 42 46
e 42 49
e 43 48
e 43 49
e 44 45
e 47 48
cU 1 1 1 1 1 1 1 1 1 1 1 1 1 1 1 1 1 1 1 1 1 1 1 1 1 1 1 1 1 1 1 1 1 1 1 1 1 1 1 1 1 1 1 1 1 1 1 1 1 1
cL 1 1 1 1 1 1 1 1 1 1 1 1 1 1 1 1 1 1 1 1 1 1 1 1 1 1 1 1 1 1 1 1 1 1 1 1 1 1 1 1 1 1 1 1 1 1 1 1 1 1
iL 30 30 30 30 30 30 30 30 30 30 30 30 30 30 30 30 30 30 30 30 30 30 30 30 30 30 30 30 30 30 30 30 30 30 30 30 30 30 30 30 30 30 30 30 30 30 30 30 30 30
bU 30
bL 30