p 50 er 0.3 0.2 0.15 1.0 0.6
e 0 1
e 0 2
e 0 3
e 0 11
e 0 14
e 0 16
e 0 19
e 0 20
e 0 26
e 0 28
e 0 35
e 0 41
e 0 43
e 0 45
e 1 2
e 1 8
e 1 10
e 1 12
e 1 16
e 1 20
e 1 21
e 1 22
e 1 23
e 1 25
e 1 26
e 1 29
e 1 31
e 1 33
e 1 43
e 1 48
e 2 3
e 2 9
e 2 12
e 2 13
e 2 14
e 2 18
e 2 19
e 2 21
e 2 23
e 2 26
e 2 29
e 2 31
e 2 36
e 2 40
e 2 41
e 2 44
e 2 46
e 2 47
e 2 48
e 3 15
e 3 20
e 3 21
e 3 22
e 3 27
e 3 34
e 3 39
e 3 40
e 3 41
e 3 43
e 3 45
e 4 11
e 4 12
e 4 18
e 4 20
e 4 21
e 4 22
e 4 25
e 4 29
e 4 30
e 4 34
e 4 35
e 4 37
e 4 39
e 4 46
e 5 6
e 5 7
e 5 10
e 5 16
e 5 17
e 5 22
e 5 24
e 5 26
e 5 38
e 5 39
e 5 43
e 6 8
e 6 11
e 6 12
e 6 13
e 6 21
e 6 23
e 6 27
e 6 34
e 6 38
e 6 41
e 6 46
e 7 8
e 7 10
e 7 13
e 7 14
e 7 28
e 7 32
e 7 33
e 7 35
e 7 36
e 7 41
e 7 48
e 7 49
e 8 10
e 8 11
e 8 12
e 8 18
e 8 21
e 8 28
e 8 31
e 8 34
e 8 38
e 8 41
e 8 45
e 8 46
e 8 48
e 9 12
e 9 20
e 9 24
e 9 29
e 9 32
e 9 36
e 9 38
e 9 40
e 9 43
e 9 48
e 10 20
e 10 25
e 10 28
e 10 40
e 10 44
e 10 49
e 11 13
e 11 15
e 11 19
e 11 20
e 11 24
e 11 27
e 11 32
e 11 34
e 11 37
e 11 42
e 11 43
e 11 44
e 11 45
e 11 46
e 11 47
e 12 17
e 12 24
e 12 27
e 12 28
e 12 30
e 12 32
e 12 36
e 12 44
e 12 47
e 12 48
e 13 21
e 13 22
e 13 32
e 13 36
e 13 37
e 13 41
e 13 45
e 14 18
e 14 19
e 14 21
e 14 23
e 14 26
e 14 30
e 14 31
e 14 33
e 14 34
e 14 41
e 14 42
e 14 43
e 14 44
e 14 45
e 14 49
e 15 16
e 15 18
e 15 19
e 15 20
e 15 23
e 15 28
e 15 29
e 15 33
e 15 35
e 15 36
e 15 38
e 15 39
e 15 40
e 15 44
e 15 46
e 16 17
e 16 21
e 16 23
e 16 24
e 16 28
e 16 29
e 16 31
e 16 37
e 16 38
e 16 40
e 16 44
e 16 46
e 16 47
e 17 18
e 17 19
e 17 24
e 17 25
e 17 27
e 17 32
e 17 34
e 17 36
e 17 38
e 17 48
e 17 49
e 18 22
e 18 24
e 18 30
e 18 37
e 18 38
e 19 24
e 19 31
e 19 32
e 19 40
e 19 44
e 19 46
e 20 23
e 20 27
e 20 30
e 20 32
e 20 35
e 20 36
e 20 39
e 20 42
e 20 44
e 20 48
e 20 49
e 21 22
e 21 23
e 21 30
e 21 34
e 21 36
e 21 37
e 21 38
e 21 39
e 21 40
e 21 41
e 21 47
e 21 48
e 21 49
e 22 24
e 22 27
e 22 30
e 22 34
e 22 37
e 22 41
e 22 43
e 23 26
e 23 31
e 23 32
e 23 40
e 23 42
e 23 47
e 23 48
e 23 49
e 24 37
e 24 38
e 24 41
e 24 45
e 24 47
e 24 49
e 25 28
e 25 32
e 25 35
e 25 37
e 25 40
e 25 43
e 26 30
e 26 31
e 26 33
e 26 37
e 26 39
e 27 31
e 27 38
e 27 42
e 27 45
e 28 29
e 28 38
e 28 42
e 28 44
e 28 46
e 29 32
e 29 35
e 29 39
e 29 40
e 29 41
e 29 46
e 30 31
e 30 33
e 30 34
e 30 39
e 30 43
e 30 45
e 30 46
e 30 49
e 31 36
e 31 45
e 31 47
e 32 35
e 32 36
e 32 38
e 32 39
e 32 40
e 32 41
e 32 43
e 32 44
e 32 46
e 32 47
e 32 48
e 33 42
e 33 43
e 33 44
e 34 37
e 34 41
e 34 49
e 35 39
e 35 41
e 35 42
e 35 43
e 35 48
e 36 37
e 36 44
e 36 45
e 37 38
e 37 41
e 37 44
e 37 49
e 38 44
e 38 45
e 38 49
e 39 42
e 39 49
e 40 42
e 40 43
e 40 46
e 42 43
e 42 48
e 42 49
e 43 45
e 44 48
e 44 49
e 45 48
e 45 49
cU 1 1 1 1 1 1 1 1 1 1 1 1 1 1 1 1 1 1 1 1 1 1 1 1 1 1 1 1 1 1 1 1 1 1 1 1 1 1 1 1 1 1 1 1 1 1 1 1 1 1
cL 1 1 1 1 1 1 1 1 1 1 1 1 1 1 1 1 1 1 1 1 1 1 1 1 1 1 1 1 1 1 1 1 1 1 1 1 1 1 1 1 1 1 1 1 1 1 1 1 1 1
iL 30 30 30 30 30 30 30 30 30 30 30 30 30 30 30 30 30 30 30 30 30 30 30 30 30 30 30 30 30 30 30 30 30 30 30 30 30 30 30 30 30 30 30 30 30 30 30 30 30 30
bU 30
bL 30