p 50 er 0.3 0.2 0.15 1.0 0.6
e 0 5
e 0 6
e 0 7
e 0 8
e 0 15
e 0 28
e 0 32
e 0 34
e 0 38
e 0 43
e 0 48
e 0 49
e 1 4
e 1 5
e 1 10
e 1 11
e 1 16
e 1 18
e 1 19
e 1 20
e 1 21
e 1 22
e 1 24
e 1 25
e 1 29
e 1 31
e 1 33
e 1 42
e 1 44
e 2 9
e 2 10
e 2 19
e 2 25
e 2 28
e 2 30
e 2 31
e 2 35
e 2 36
e 2 40
e 3 6
e 3 7
e 3 8
e 3 10
e 3 18
e 3 27
e 3 28
e 3 30
e 3 31
e 3 36
e 3 37
e 3 40
e 3 48
e 3 49
e 4 6
e 4 9
e 4 14
e 4 19
e 4 21
e 4 23
e 4 33
e 4 34
e 4 38
e 4 41
e 4 43
e 4 46
e 5 6
e 5 15
e 5 16
e 5 17
e 5 18
e 5 25
e 5 28
e 5 32
e 5 36
e 5 38
e 5 42
e 5 43
e 5 45
e 5 47
e 6 8
e 6 17
e 6 19
e 6 27
e 6 28
e 6 30
e 6 31
e 6 33
e 6 36
e 6 41
e 6 44
e 6 46
e 7 8
e 7 9
e 7 20
e 7 26
e 7 32
e 7 33
e 7 34
e 7 38
e 7 41
e 7 45
e 7 46
e 7 47
e 8 14
e 8 15
e 8 19
e 8 21
e 8 22
e 8 24
e 8 25
e 8 29
e 8 32
e 8 33
e 8 37
e 8 42
e 9 15
e 9 18
e 9 24
e 9 25
e 9 28
e 9 31
e 9 35
e 9 39
e 9 44
e 9 46
e 9 47
e 9 48
e 10 12
e 10 13
e 10 14
e 10 15
e 10 22
e 10 23
e 10 24
e 10 27
e 10 33
e 10 39
e 10 42
e 10 46
e 10 48
e 11 13
e 11 17
e 11 19
e 11 22
e 11 24
e 11 27
e 11 28
e 11 39
e 11 40
e 11 43
e 11 46
e 11 47
e 11 48
e 12 15
e 12 18
e 12 20
e 12 21
e 12 24
e 12 30
e 12 31
e 12 32
e 12 33
e 12 35
e 12 39
e 12 43
e 12 47
e 12 48
e 13 17
e 13 18
e 13 20
e 13 26
e 13 27
e 13 28
e 13 41
e 13 42
e 13 44
e 13 45
e 13 47
e 13 48
e 14 16
e 14 17
e 14 24
e 14 26
e 14 33
e 14 34
e 14 41
e 14 42
e 14 45
e 15 18
e 15 20
e 15 24
e 15 27
e 15 34
e 15 35
e 15 40
e 15 47
e 15 48
e 16 18
e 16 19
e 16 20
e 16 25
e 16 26
e 16 30
e 16 32
e 16 37
e 16 38
e 16 45
e 17 21
e 17 26
e 17 27
e 17 36
e 17 38
e 18 20
e 18 24
e 18 25
e 18 30
e 18 31
e 18 32
e 18 33
e 18 42
e 18 45
e 18 48
e 19 20
e 19 21
e 19 26
e 19 36
e 19 37
e 19 38
e 19 42
e 19 44
e 19 46
e 20 24
e 20 27
e 20 29
e 20 31
e 20 32
e 20 37
e 20 39
e 20 42
e 20 45
e 21 34
e 21 37
e 21 38
e 21 45
e 21 48
e 22 24
e 22 28
e 22 31
e 22 46
e 23 32
e 23 34
e 23 35
e 23 37
e 23 38
e 23 39
e 23 42
e 24 28
e 24 31
e 24 34
e 24 35
e 24 37
e 24 39
e 24 45
e 24 48
e 25 26
e 25 32
e 25 34
e 25 35
e 25 39
e 25 40
e 25 41
e 25 42
e 25 44
e 25 45
e 26 31
e 26 36
e 26 37
e 26 40
e 26 45
e 26 46
e 27 30
e 27 32
e 27 33
e 27 34
e 27 37
e 27 39
e 27 42
e 27 49
e 28 32
e 28 34
e 28 35
e 28 36
e 28 42
e 28 45
e 28 48
e 29 31
e 29 34
e 29 39
e 29 42
e 29 48
e 30 31
e 30 36
e 30 37
e 30 43
e 30 47
e 31 35
e 31 38
e 31 47
e 31 48
e 31 49
e 32 36
e 32 40
e 32 43
e 32 47
e 33 34
e 33 35
e 33 36
e 33 37
e 33 38
e 33 39
e 33 40
e 33 44
e 33 48
e 33 49
e 34 37
e 34 39
e 34 43
e 35 39
e 35 44
e 36 38
e 36 39
e 36 40
e 36 41
e 36 44
e 36 45
e 36 48
e 37 38
e 38 41
e 38 43
e 38 44
e 38 47
e 39 43
e 39 45
e 39 46
e 39 47
e 39 48
e 39 49
e 40 41
e 40 43
e 40 46
e 40 47
e 40 49
e 42 45
e 42 46
e 43 45
e 43 46
e 45 46
e 45 47
e 45 49
e 46 48
e 48 49
cU 1 1 1 1 1 1 1 1 1 1 1 1 1 1 1 1 1 1 1 1 1 1 1 1 1 1 1 1 1 1 1 1 1 1 1 1 1 1 1 1 1 1 1 1 1 1 1 1 1 1
cL 1 1 1 1 1 1 1 1 1 1 1 1 1 1 1 1 1 1 1 1 1 1 1 1 1 1 1 1 1 1 1 1 1 1 1 1 1 1 1 1 1 1 1 1 1 1 1 1 1 1
iL 30 30 30 30 30 30 30 30 30 30 30 30 30 30 30 30 30 30 30 30 30 30 30 30 30 30 30 30 30 30 30 30 30 30 30 30 30 30 30 30 30 30 30 30 30 30 30 30 30 30
bU 30
bL 30