p 50 er 0.3 0.2 0.15 1.0 0.6
e 0 1
e 0 5
e 0 14
e 0 16
e 0 17
e 0 20
e 0 21
e 0 23
e 0 24
e 0 34
e 0 35
e 0 36
e 0 40
e 0 45
e 0 46
e 1 12
e 1 17
e 1 18
e 1 22
e 1 23
e 1 34
e 1 37
e 1 39
e 1 42
e 1 47
e 2 4
e 2 10
e 2 16
e 2 19
e 2 25
e 2 28
e 2 29
e 2 30
e 2 35
e 2 37
e 2 40
e 2 42
e 2 43
e 2 44
e 2 45
e 2 49
e 3 6
e 3 10
e 3 20
e 3 27
e 3 29
e 3 31
e 3 33
e 3 35
e 3 36
e 3 44
e 3 46
e 3 48
e 3 49
e 4 7
e 4 11
e 4 12
e 4 14
e 4 15
e 4 17
e 4 22
e 4 30
e 4 37
e 4 40
e 4 41
e 4 42
e 4 44
e 4 49
e 5 16
e 5 21
e 5 26
e 5 27
e 5 30
e 5 32
e 5 33
e 5 38
e 5 42
e 5 46
e 5 49
e 6 8
e 6 9
e 6 11
e 6 13
e 6 18
e 6 21
e 6 32
e 6 36
e 6 38
e 6 42
e 6 43
e 6 44
e 7 8
e 7 9
e 7 10
e 7 11
e 7 12
e 7 20
e 7 21
e 7 23
e 7 24
e 7 25
e 7 26
e 7 30
e 7 32
e 7 34
e 7 35
e 7 37
e 7 41
e 7 42
e 7 44
e 7 48
e 7 49
e 8 15
e 8 21
e 8 23
e 8 25
e 8 26
e 8 32
e 8 34
e 8 36
e 8 37
e 8 39
e 8 41
e 8 43
e 8 44
e 8 48
e 8 49
e 9 10
e 9 26
e 9 27
e 9 29
e 9 38
e 9 45
e 10 14
e 10 18
e 10 21
e 10 24
e 10 28
e 10 29
e 10 32
e 10 34
e 10 37
e 10 38
e 10 41
e 10 48
e 11 17
e 11 18
e 11 26
e 11 28
e 11 30
e 11 31
e 11 33
e 11 36
e 11 42
e 11 46
e 12 14
e 12 39
e 12 42
e 12 47
e 13 17
e 13 18
e 13 19
e 13 20
e 13 22
e 13 27
e 13 32
e 13 42
e 13 44
e 13 46
e 13 47
e 13 48
e 14 15
e 14 21
e 14 38
e 14 42
e 14 45
e 14 49
e 15 16
e 15 21
e 15 27
e 15 29
e 15 31
e 15 35
e 15 37
e 15 40
e 15 48
e 15 49
e 16 17
e 16 25
e 16 28
e 16 30
e 16 33
e 16 37
e 16 42
e 16 46
e 17 20
e 17 25
e 17 32
e 17 33
e 17 35
e 17 36
e 17 38
e 17 39
e 17 40
e 17 45
e 17 47
e 18 21
e 18 22
e 18 24
e 18 29
e 18 30
e 18 37
e 18 38
e 18 39
e 18 45
e 18 46
e 18 48
e 19 27
e 19 29
e 19 30
e 19 35
e 19 41
e 19 43
e 19 45
e 20 22
e 20 25
e 20 28
e 20 33
e 20 34
e 20 37
e 20 38
e 20 41
e 20 43
e 20 46
e 20 47
e 20 49
e 21 23
e 21 24
e 21 25
e 21 27
e 21 34
e 21 36
e 21 40
e 21 44
e 21 47
e 21 48
e 21 49
e 22 28
e 22 30
e 22 32
e 22 33
e 22 42
e 22 46
e 22 48
e 23 26
e 23 27
e 23 28
e 23 29
e 23 37
e 23 39
e 23 43
e 23 45
e 23 46
e 23 48
e 24 27
e 24 28
e 24 32
e 24 34
e 24 36
e 24 42
e 25 28
e 25 30
e 25 34
e 25 38
e 25 40
e 25 47
e 26 28
e 26 32
e 26 46
e 26 47
e 26 49
e 27 36
e 27 41
e 27 46
e 27 48
e 28 29
e 28 32
e 28 33
e 28 34
e 28 35
e 28 37
e 28 39
e 28 40
e 28 41
e 28 42
e 29 32
e 29 33
e 29 34
e 29 36
e 29 40
e 29 42
e 29 44
e 29 47
e 30 34
e 30 36
e 30 38
e 30 40
e 31 35
e 31 44
e 31 46
e 31 49
e 32 39
e 32 40
e 32 44
e 32 46
e 32 49
e 33 39
e 33 40
e 33 48
e 34 44
e 34 45
e 34 48
e 35 36
e 35 44
e 35 48
e 36 38
e 36 43
e 36 45
e 36 49
e 37 40
e 37 43
e 37 47
e 38 39
e 38 42
e 38 43
e 38 44
e 38 46
e 39 41
e 39 42
e 39 46
e 40 44
e 42 45
e 42 47
e 43 47
e 43 48
e 43 49
e 44 45
e 44 48
e 45 46
e 46 49
e 47 48
cU 1 1 1 1 1 1 1 1 1 1 1 1 1 1 1 1 1 1 1 1 1 1 1 1 1 1 1 1 1 1 1 1 1 1 1 1 1 1 1 1 1 1 1 1 1 1 1 1 1 1
cL 1 1 1 1 1 1 1 1 1 1 1 1 1 1 1 1 1 1 1 1 1 1 1 1 1 1 1 1 1 1 1 1 1 1 1 1 1 1 1 1 1 1 1 1 1 1 1 1 1 1
iL 30 30 30 30 30 30 30 30 30 30 30 30 30 30 30 30 30 30 30 30 30 30 30 30 30 30 30 30 30 30 30 30 30 30 30 30 30 30 30 30 30 30 30 30 30 30 30 30 30 30
bU 30
bL 30