p 50 er 0.3 0.1 0.15 1.0 0.6
e 0 1
e 0 2
e 0 8
e 0 10
e 0 20
e 0 24
e 0 27
e 0 34
e 0 38
e 0 44
e 0 45
e 1 4
e 1 5
e 1 6
e 1 9
e 1 10
e 1 19
e 1 20
e 1 23
e 1 24
e 1 25
e 1 30
e 1 32
e 1 34
e 1 36
e 2 6
e 2 10
e 2 12
e 2 14
e 2 19
e 2 21
e 2 25
e 2 28
e 2 29
e 2 36
e 2 41
e 2 43
e 2 47
e 2 48
e 3 4
e 3 12
e 3 14
e 3 18
e 3 21
e 3 24
e 3 26
e 3 36
e 3 39
e 3 42
e 3 46
e 4 9
e 4 14
e 4 15
e 4 18
e 4 26
e 4 28
e 4 32
e 4 35
e 4 41
e 4 42
e 4 48
e 5 6
e 5 8
e 5 12
e 5 13
e 5 18
e 5 22
e 5 24
e 5 25
e 5 26
e 5 29
e 5 31
e 5 32
e 5 35
e 5 42
e 5 45
e 5 46
e 5 48
e 6 9
e 6 15
e 6 19
e 6 20
e 6 23
e 6 25
e 6 36
e 6 37
e 6 39
e 6 46
e 6 48
e 6 49
e 7 11
e 7 13
e 7 14
e 7 21
e 7 25
e 7 31
e 7 38
e 7 44
e 8 9
e 8 15
e 8 18
e 8 23
e 8 25
e 8 26
e 8 29
e 8 31
e 8 33
e 8 34
e 8 36
e 8 37
e 8 43
e 8 47
e 8 49
e 9 11
e 9 14
e 9 18
e 9 19
e 9 25
e 9 26
e 9 27
e 9 28
e 9 29
e 9 30
e 9 41
e 9 43
e 9 45
e 9 48
e 10 21
e 10 22
e 10 23
e 10 24
e 10 28
e 10 29
e 10 31
e 10 36
e 10 38
e 10 42
e 10 44
e 10 48
e 11 21
e 11 23
e 11 26
e 11 27
e 11 30
e 11 31
e 11 32
e 11 33
e 11 36
e 11 39
e 11 40
e 12 13
e 12 15
e 12 17
e 12 19
e 12 24
e 12 26
e 12 29
e 12 32
e 12 37
e 12 39
e 12 42
e 12 45
e 12 49
e 13 22
e 13 23
e 13 24
e 13 25
e 13 26
e 13 30
e 13 32
e 13 37
e 13 42
e 14 18
e 14 25
e 14 27
e 14 32
e 14 33
e 14 39
e 14 44
e 14 49
e 15 17
e 15 18
e 15 21
e 15 26
e 15 27
e 15 30
e 15 31
e 15 35
e 15 36
e 15 40
e 15 41
e 15 45
e 16 17
e 16 18
e 16 19
e 16 27
e 16 28
e 16 31
e 16 42
e 16 46
e 16 48
e 16 49
e 17 18
e 17 20
e 17 21
e 17 24
e 17 25
e 17 28
e 17 29
e 17 34
e 17 35
e 17 36
e 17 40
e 17 41
e 17 43
e 18 19
e 18 20
e 18 23
e 18 24
e 18 25
e 18 28
e 18 31
e 18 33
e 18 39
e 18 40
e 18 42
e 18 44
e 18 46
e 19 21
e 19 22
e 19 28
e 19 29
e 19 30
e 19 34
e 19 35
e 19 36
e 19 37
e 19 39
e 19 44
e 19 48
e 19 49
e 20 25
e 20 32
e 20 37
e 20 40
e 20 42
e 20 46
e 21 22
e 21 27
e 21 28
e 21 37
e 21 42
e 21 44
e 21 47
e 22 23
e 22 35
e 22 39
e 22 40
e 22 46
e 23 25
e 23 35
e 23 39
e 23 41
e 23 43
e 23 48
e 24 30
e 24 31
e 24 32
e 24 33
e 24 36
e 24 37
e 24 38
e 24 40
e 24 44
e 24 46
e 24 48
e 25 27
e 25 28
e 25 31
e 25 34
e 25 37
e 25 38
e 25 42
e 26 28
e 26 34
e 26 37
e 26 44
e 26 48
e 27 32
e 27 36
e 27 37
e 27 41
e 27 42
e 27 43
e 28 29
e 28 31
e 28 41
e 28 44
e 29 31
e 29 32
e 29 39
e 29 40
e 29 42
e 29 43
e 29 47
e 30 31
e 30 39
e 30 42
e 30 43
e 30 45
e 30 47
e 30 48
e 31 34
e 31 38
e 31 41
e 31 44
e 31 47
e 32 35
e 32 38
e 32 42
e 32 46
e 32 49
e 33 40
e 34 37
e 34 38
e 35 39
e 35 40
e 35 43
e 35 44
e 35 48
e 35 49
e 36 37
e 36 38
e 36 39
e 36 46
e 36 49
e 37 40
e 37 47
e 38 40
e 38 41
e 38 43
e 38 45
e 39 48
e 40 42
e 40 43
e 40 45
e 41 42
e 41 43
e 41 44
e 41 46
e 41 48
e 42 45
e 43 46
e 44 48
e 45 47
cU 1 1 1 1 1 1 1 1 1 1 1 1 1 1 1 1 1 1 1 1 1 1 1 1 1 1 1 1 1 1 1 1 1 1 1 1 1 1 1 1 1 1 1 1 1 1 1 1 1 1
cL 1 1 1 1 1 1 1 1 1 1 1 1 1 1 1 1 1 1 1 1 1 1 1 1 1 1 1 1 1 1 1 1 1 1 1 1 1 1 1 1 1 1 1 1 1 1 1 1 1 1
iL 30 30 30 30 30 30 30 30 30 30 30 30 30 30 30 30 30 30 30 30 30 30 30 30 30 30 30 30 30 30 30 30 30 30 30 30 30 30 30 30 30 30 30 30 30 30 30 30 30 30
bU 30
bL 30