p 50 er 0.3 0.1 0.15 1.0 0.6
e 0 1
e 0 2
e 0 3
e 0 7
e 0 9
e 0 10
e 0 12
e 0 14
e 0 19
e 0 23
e 0 24
e 0 30
e 0 31
e 0 41
e 0 42
e 0 46
e 1 4
e 1 8
e 1 9
e 1 12
e 1 13
e 1 15
e 1 16
e 1 18
e 1 22
e 1 28
e 1 42
e 1 44
e 1 45
e 1 48
e 1 49
e 2 9
e 2 10
e 2 13
e 2 14
e 2 15
e 2 16
e 2 18
e 2 22
e 2 24
e 2 36
e 2 37
e 2 40
e 2 46
e 3 4
e 3 5
e 3 8
e 3 10
e 3 14
e 3 17
e 3 24
e 3 25
e 3 28
e 3 30
e 3 32
e 3 41
e 3 43
e 3 45
e 3 49
e 4 5
e 4 9
e 4 13
e 4 18
e 4 19
e 4 20
e 4 24
e 4 28
e 4 44
e 4 45
e 4 49
e 5 7
e 5 10
e 5 12
e 5 15
e 5 16
e 5 19
e 5 20
e 5 29
e 5 32
e 5 43
e 5 46
e 5 49
e 6 8
e 6 13
e 6 21
e 6 22
e 6 24
e 6 30
e 6 35
e 6 37
e 6 46
e 6 49
e 7 11
e 7 16
e 7 17
e 7 25
e 7 30
e 7 35
e 7 36
e 7 38
e 7 41
e 7 46
e 7 47
e 8 9
e 8 11
e 8 12
e 8 13
e 8 19
e 8 20
e 8 22
e 8 23
e 8 25
e 8 27
e 8 28
e 8 29
e 8 32
e 8 33
e 8 37
e 8 40
e 8 45
e 8 48
e 8 49
e 9 10
e 9 12
e 9 16
e 9 19
e 9 23
e 9 26
e 9 29
e 9 41
e 9 47
e 9 49
e 10 14
e 10 15
e 10 21
e 10 24
e 10 28
e 10 34
e 10 35
e 10 36
e 10 38
e 10 45
e 10 47
e 11 12
e 11 16
e 11 18
e 11 19
e 11 25
e 11 31
e 11 35
e 11 37
e 11 38
e 11 39
e 11 42
e 11 44
e 11 46
e 11 48
e 12 15
e 12 16
e 12 18
e 12 20
e 12 22
e 12 24
e 12 26
e 12 34
e 12 38
e 12 39
e 12 42
e 12 43
e 12 44
e 13 16
e 13 17
e 13 23
e 13 24
e 13 25
e 13 26
e 13 27
e 13 29
e 13 30
e 13 32
e 13 33
e 13 35
e 13 39
e 13 42
e 13 43
e 13 48
e 14 17
e 14 18
e 14 20
e 14 27
e 14 35
e 14 38
e 14 40
e 14 41
e 14 42
e 14 44
e 14 45
e 14 47
e 14 48
e 15 22
e 15 26
e 15 34
e 15 39
e 15 40
e 15 43
e 15 44
e 15 46
e 16 19
e 16 20
e 16 22
e 16 24
e 16 27
e 16 30
e 16 31
e 16 32
e 16 33
e 16 34
e 16 35
e 16 36
e 16 39
e 16 43
e 16 44
e 16 46
e 16 47
e 17 19
e 17 20
e 17 32
e 17 34
e 17 39
e 17 42
e 17 49
e 18 19
e 18 21
e 18 24
e 18 25
e 18 27
e 18 29
e 18 32
e 18 33
e 18 39
e 18 46
e 18 48
e 19 20
e 19 23
e 19 26
e 19 27
e 19 29
e 19 30
e 19 33
e 19 40
e 19 44
e 19 46
e 19 47
e 20 24
e 20 25
e 20 34
e 20 36
e 20 39
e 20 40
e 20 43
e 20 44
e 20 46
e 21 23
e 21 24
e 21 27
e 21 30
e 21 34
e 21 35
e 21 42
e 21 43
e 21 46
e 21 49
e 22 30
e 22 32
e 22 33
e 22 41
e 22 43
e 22 44
e 22 46
e 23 29
e 23 35
e 23 40
e 23 45
e 23 49
e 24 25
e 24 26
e 24 27
e 24 28
e 24 30
e 24 34
e 24 37
e 24 40
e 24 43
e 24 46
e 25 26
e 25 31
e 25 34
e 25 37
e 25 38
e 25 40
e 25 49
e 26 32
e 26 43
e 26 44
e 26 49
e 27 28
e 27 29
e 27 30
e 27 33
e 27 34
e 27 37
e 27 39
e 27 40
e 27 42
e 27 43
e 27 45
e 27 47
e 27 48
e 28 30
e 28 33
e 28 34
e 28 37
e 28 38
e 28 40
e 28 43
e 28 44
e 28 46
e 29 32
e 29 36
e 29 37
e 29 47
e 29 49
e 30 31
e 30 32
e 30 33
e 30 35
e 30 44
e 30 46
e 30 48
e 30 49
e 31 32
e 31 38
e 31 40
e 31 41
e 31 44
e 31 46
e 31 47
e 31 49
e 32 37
e 32 41
e 32 44
e 33 36
e 33 37
e 33 39
e 34 36
e 34 38
e 34 42
e 34 44
e 34 48
e 34 49
e 35 37
e 35 39
e 35 40
e 35 41
e 35 47
e 35 48
e 35 49
e 36 37
e 36 38
e 36 41
e 36 42
e 37 42
e 37 47
e 38 39
e 38 42
e 38 43
e 38 44
e 38 48
e 39 46
e 39 48
e 40 49
e 41 44
e 41 45
e 41 49
e 42 47
e 43 49
e 44 49
e 45 47
e 46 47
e 48 49
cU 1 1 1 1 1 1 1 1 1 1 1 1 1 1 1 1 1 1 1 1 1 1 1 1 1 1 1 1 1 1 1 1 1 1 1 1 1 1 1 1 1 1 1 1 1 1 1 1 1 1
cL 1 1 1 1 1 1 1 1 1 1 1 1 1 1 1 1 1 1 1 1 1 1 1 1 1 1 1 1 1 1 1 1 1 1 1 1 1 1 1 1 1 1 1 1 1 1 1 1 1 1
iL 30 30 30 30 30 30 30 30 30 30 30 30 30 30 30 30 30 30 30 30 30 30 30 30 30 30 30 30 30 30 30 30 30 30 30 30 30 30 30 30 30 30 30 30 30 30 30 30 30 30
bU 30
bL 30