p 50 er 0.3 0.1 0.15 1.0 0.6
e 0 4
e 0 7
e 0 8
e 0 11
e 0 13
e 0 24
e 0 25
e 0 28
e 0 29
e 0 32
e 0 33
e 0 35
e 0 37
e 0 46
e 0 48
e 1 4
e 1 11
e 1 13
e 1 24
e 1 31
e 1 34
e 1 38
e 1 39
e 1 40
e 1 41
e 1 42
e 1 45
e 1 49
e 2 5
e 2 8
e 2 13
e 2 16
e 2 17
e 2 22
e 2 23
e 2 25
e 2 33
e 2 36
e 2 40
e 2 44
e 2 45
e 2 46
e 2 47
e 3 5
e 3 11
e 3 13
e 3 15
e 3 17
e 3 20
e 3 21
e 3 24
e 3 26
e 3 33
e 3 38
e 3 49
e 4 5
e 4 17
e 4 22
e 4 23
e 4 29
e 4 34
e 4 37
e 4 45
e 5 6
e 5 9
e 5 10
e 5 11
e 5 22
e 5 23
e 5 27
e 5 30
e 5 31
e 5 34
e 5 36
e 5 38
e 5 49
e 6 9
e 6 12
e 6 13
e 6 14
e 6 15
e 6 16
e 6 18
e 6 19
e 6 33
e 6 34
e 6 46
e 7 14
e 7 18
e 7 31
e 7 32
e 7 35
e 7 37
e 7 38
e 7 40
e 7 41
e 7 45
e 7 49
e 8 13
e 8 18
e 8 22
e 8 29
e 8 30
e 8 33
e 8 39
e 8 43
e 8 46
e 8 49
e 9 15
e 9 16
e 9 26
e 9 29
e 9 35
e 9 39
e 9 45
e 9 47
e 9 48
e 10 15
e 10 16
e 10 19
e 10 20
e 10 22
e 10 24
e 10 25
e 10 30
e 10 32
e 10 39
e 10 41
e 10 44
e 10 46
e 11 13
e 11 18
e 11 23
e 11 26
e 11 29
e 11 30
e 11 32
e 11 35
e 11 40
e 11 43
e 12 13
e 12 16
e 12 17
e 12 23
e 12 24
e 12 25
e 12 29
e 12 35
e 12 42
e 13 15
e 13 18
e 13 20
e 13 24
e 13 25
e 13 27
e 13 33
e 13 35
e 13 41
e 13 43
e 14 22
e 14 25
e 14 32
e 14 34
e 14 36
e 14 40
e 14 42
e 14 43
e 15 18
e 15 24
e 15 25
e 15 26
e 15 28
e 15 29
e 15 34
e 15 36
e 15 41
e 15 42
e 15 43
e 15 44
e 16 17
e 16 19
e 16 28
e 16 29
e 16 30
e 16 32
e 16 34
e 16 37
e 16 39
e 16 40
e 16 41
e 16 43
e 16 45
e 16 49
e 17 25
e 17 29
e 17 36
e 17 39
e 18 19
e 18 22
e 18 23
e 18 26
e 18 30
e 18 34
e 18 38
e 18 44
e 18 45
e 19 24
e 19 31
e 19 32
e 19 36
e 19 37
e 19 41
e 20 26
e 20 30
e 20 31
e 20 32
e 20 33
e 20 35
e 20 38
e 20 44
e 20 46
e 21 33
e 21 37
e 21 40
e 21 44
e 21 45
e 21 46
e 21 49
e 22 26
e 22 27
e 22 28
e 22 30
e 22 32
e 22 37
e 22 38
e 22 43
e 22 48
e 23 28
e 23 34
e 23 36
e 23 40
e 23 43
e 24 25
e 24 28
e 24 35
e 24 36
e 24 38
e 24 48
e 25 27
e 25 32
e 25 44
e 25 48
e 26 27
e 26 29
e 26 34
e 26 42
e 26 43
e 26 47
e 27 28
e 27 30
e 27 32
e 27 34
e 27 35
e 27 37
e 27 38
e 27 41
e 27 42
e 27 43
e 27 47
e 28 29
e 28 30
e 28 33
e 28 35
e 28 37
e 28 40
e 28 43
e 28 44
e 28 45
e 29 30
e 29 32
e 29 37
e 29 38
e 29 40
e 29 43
e 30 31
e 30 33
e 30 35
e 30 38
e 30 40
e 30 41
e 30 46
e 30 47
e 31 37
e 31 42
e 31 44
e 31 49
e 32 34
e 32 37
e 32 40
e 32 43
e 32 47
e 33 36
e 33 38
e 33 42
e 33 44
e 33 48
e 34 41
e 34 42
e 34 44
e 34 45
e 35 38
e 35 42
e 36 37
e 36 38
e 36 43
e 36 47
e 37 41
e 37 45
e 37 46
e 38 42
e 38 43
e 38 44
e 39 41
e 39 44
e 39 45
e 40 47
e 40 48
e 40 49
e 42 44
e 42 49
e 43 44
e 43 45
e 43 47
e 43 49
e 44 45
e 44 47
e 45 46
e 45 47
e 46 49
e 48 49
cU 1 1 1 1 1 1 1 1 1 1 1 1 1 1 1 1 1 1 1 1 1 1 1 1 1 1 1 1 1 1 1 1 1 1 1 1 1 1 1 1 1 1 1 1 1 1 1 1 1 1
cL 1 1 1 1 1 1 1 1 1 1 1 1 1 1 1 1 1 1 1 1 1 1 1 1 1 1 1 1 1 1 1 1 1 1 1 1 1 1 1 1 1 1 1 1 1 1 1 1 1 1
iL 30 30 30 30 30 30 30 30 30 30 30 30 30 30 30 30 30 30 30 30 30 30 30 30 30 30 30 30 30 30 30 30 30 30 30 30 30 30 30 30 30 30 30 30 30 30 30 30 30 30
bU 30
bL 30