p 50 er 0.3 0.1 0.15 1.0 0.6
e 0 2
e 0 7
e 0 13
e 0 14
e 0 19
e 0 23
e 0 24
e 0 25
e 0 28
e 0 29
e 0 36
e 0 39
e 0 43
e 0 45
e 0 46
e 1 2
e 1 5
e 1 6
e 1 8
e 1 10
e 1 12
e 1 16
e 1 17
e 1 19
e 1 20
e 1 23
e 1 28
e 1 30
e 1 35
e 1 36
e 1 37
e 1 42
e 1 43
e 1 45
e 1 48
e 2 9
e 2 11
e 2 13
e 2 18
e 2 23
e 2 26
e 2 28
e 2 29
e 2 31
e 2 35
e 2 40
e 2 41
e 2 42
e 2 44
e 2 46
e 2 49
e 3 12
e 3 14
e 3 19
e 3 21
e 3 22
e 3 23
e 3 24
e 3 26
e 3 27
e 3 31
e 3 37
e 3 38
e 3 40
e 3 43
e 3 47
e 4 5
e 4 6
e 4 7
e 4 8
e 4 11
e 4 12
e 4 13
e 4 24
e 4 30
e 4 31
e 4 32
e 4 35
e 4 44
e 4 45
e 4 49
e 5 6
e 5 13
e 5 16
e 5 18
e 5 23
e 5 24
e 5 26
e 5 28
e 5 30
e 5 31
e 5 33
e 5 40
e 5 45
e 5 49
e 6 12
e 6 20
e 6 22
e 6 26
e 6 31
e 6 33
e 6 36
e 6 37
e 6 38
e 7 9
e 7 12
e 7 15
e 7 19
e 7 22
e 7 28
e 7 29
e 7 30
e 7 33
e 7 34
e 7 37
e 7 44
e 7 47
e 8 11
e 8 14
e 8 17
e 8 21
e 8 23
e 8 28
e 8 30
e 8 32
e 8 38
e 8 41
e 8 42
e 8 46
e 9 14
e 9 19
e 9 23
e 9 27
e 9 29
e 9 30
e 9 33
e 9 34
e 9 37
e 9 38
e 9 40
e 9 42
e 9 44
e 9 48
e 10 11
e 10 15
e 10 17
e 10 19
e 10 22
e 10 25
e 10 26
e 10 27
e 10 29
e 10 39
e 10 44
e 10 46
e 10 47
e 11 12
e 11 18
e 11 27
e 11 32
e 11 41
e 11 47
e 11 48
e 11 49
e 12 16
e 12 21
e 12 31
e 12 37
e 12 39
e 12 44
e 13 14
e 13 18
e 13 22
e 13 23
e 13 24
e 13 27
e 13 29
e 13 33
e 13 34
e 13 35
e 13 42
e 13 46
e 14 17
e 14 25
e 14 34
e 14 35
e 14 36
e 14 41
e 14 42
e 14 46
e 15 20
e 15 24
e 15 26
e 15 27
e 15 31
e 15 35
e 15 38
e 15 41
e 15 43
e 15 45
e 15 48
e 16 24
e 16 25
e 16 27
e 16 30
e 16 41
e 16 42
e 16 44
e 16 46
e 16 49
e 17 25
e 17 26
e 17 31
e 17 35
e 17 37
e 17 38
e 17 40
e 17 41
e 17 49
e 18 19
e 18 23
e 18 25
e 18 28
e 18 29
e 18 31
e 18 34
e 18 38
e 18 41
e 18 42
e 18 44
e 18 46
e 18 49
e 19 20
e 19 30
e 19 39
e 19 44
e 19 49
e 20 22
e 20 23
e 20 26
e 20 27
e 20 29
e 20 30
e 20 33
e 20 38
e 20 39
e 20 40
e 20 47
e 20 49
e 21 25
e 21 27
e 21 28
e 21 29
e 21 31
e 21 35
e 21 38
e 21 39
e 21 43
e 22 23
e 22 28
e 22 30
e 22 37
e 22 40
e 22 41
e 23 24
e 23 36
e 23 39
e 23 46
e 23 47
e 24 25
e 24 27
e 24 29
e 24 30
e 24 33
e 24 36
e 24 41
e 24 46
e 24 49
e 25 26
e 25 35
e 25 46
e 25 47
e 26 31
e 26 35
e 26 39
e 26 40
e 26 41
e 26 42
e 26 49
e 27 31
e 27 36
e 27 38
e 27 42
e 27 43
e 27 49
e 28 30
e 28 31
e 28 33
e 28 35
e 28 37
e 28 41
e 28 42
e 28 44
e 28 45
e 28 48
e 29 33
e 29 35
e 29 36
e 29 41
e 29 46
e 30 33
e 30 35
e 30 39
e 30 42
e 30 49
e 31 32
e 31 35
e 31 46
e 31 48
e 31 49
e 32 38
e 32 41
e 32 46
e 32 47
e 32 48
e 33 36
e 33 37
e 33 38
e 33 41
e 33 42
e 33 43
e 34 39
e 34 40
e 34 43
e 34 44
e 34 45
e 34 47
e 34 48
e 35 36
e 35 40
e 35 43
e 35 47
e 36 37
e 36 40
e 36 42
e 36 48
e 37 41
e 37 42
e 37 43
e 37 44
e 37 46
e 38 44
e 38 46
e 38 48
e 39 40
e 39 42
e 39 43
e 40 42
e 41 42
e 41 46
e 42 43
e 42 46
e 42 47
e 42 48
e 42 49
e 43 46
e 45 46
e 46 48
e 48 49
cU 1 1 1 1 1 1 1 1 1 1 1 1 1 1 1 1 1 1 1 1 1 1 1 1 1 1 1 1 1 1 1 1 1 1 1 1 1 1 1 1 1 1 1 1 1 1 1 1 1 1
cL 1 1 1 1 1 1 1 1 1 1 1 1 1 1 1 1 1 1 1 1 1 1 1 1 1 1 1 1 1 1 1 1 1 1 1 1 1 1 1 1 1 1 1 1 1 1 1 1 1 1
iL 30 30 30 30 30 30 30 30 30 30 30 30 30 30 30 30 30 30 30 30 30 30 30 30 30 30 30 30 30 30 30 30 30 30 30 30 30 30 30 30 30 30 30 30 30 30 30 30 30 30
bU 30
bL 30