p 50 er 0.3 0.4 0.15 1.0 0.6
e 0 2
e 0 3
e 0 4
e 0 7
e 0 12
e 0 18
e 0 21
e 0 25
e 0 28
e 0 29
e 0 33
e 0 34
e 0 35
e 0 38
e 0 43
e 0 48
e 1 4
e 1 5
e 1 6
e 1 9
e 1 13
e 1 14
e 1 17
e 1 18
e 1 21
e 1 22
e 1 23
e 1 24
e 1 26
e 1 27
e 1 31
e 1 34
e 1 35
e 1 36
e 1 42
e 1 43
e 1 46
e 2 4
e 2 5
e 2 7
e 2 11
e 2 15
e 2 16
e 2 21
e 2 22
e 2 25
e 2 26
e 2 27
e 2 28
e 2 30
e 2 37
e 2 41
e 2 43
e 2 46
e 3 4
e 3 9
e 3 12
e 3 13
e 3 14
e 3 16
e 3 23
e 3 32
e 3 37
e 3 40
e 3 45
e 3 47
e 3 48
e 4 5
e 4 10
e 4 13
e 4 14
e 4 16
e 4 20
e 4 25
e 4 26
e 4 41
e 4 43
e 4 47
e 5 11
e 5 14
e 5 17
e 5 18
e 5 21
e 5 24
e 5 30
e 5 33
e 5 35
e 5 37
e 5 41
e 5 42
e 5 43
e 5 45
e 5 48
e 5 49
e 6 10
e 6 12
e 6 17
e 6 19
e 6 24
e 6 25
e 6 26
e 6 27
e 6 28
e 6 31
e 6 32
e 6 38
e 6 39
e 6 45
e 6 49
e 7 10
e 7 21
e 7 23
e 7 25
e 7 30
e 7 32
e 7 35
e 7 42
e 7 47
e 8 10
e 8 12
e 8 18
e 8 22
e 8 24
e 8 30
e 8 31
e 8 32
e 8 33
e 8 37
e 8 39
e 8 49
e 9 12
e 9 13
e 9 23
e 9 28
e 9 31
e 9 39
e 9 41
e 9 43
e 9 44
e 9 45
e 9 47
e 10 11
e 10 14
e 10 16
e 10 20
e 10 21
e 10 31
e 10 34
e 10 35
e 10 42
e 10 43
e 10 49
e 11 16
e 11 36
e 11 37
e 11 40
e 11 44
e 11 46
e 11 49
e 12 13
e 12 14
e 12 19
e 12 21
e 12 22
e 12 24
e 12 25
e 12 30
e 12 31
e 12 37
e 12 38
e 12 39
e 12 42
e 12 44
e 12 48
e 13 14
e 13 18
e 13 19
e 13 24
e 13 31
e 13 32
e 13 37
e 13 40
e 13 46
e 13 48
e 14 16
e 14 17
e 14 19
e 14 28
e 14 30
e 14 31
e 14 33
e 14 40
e 14 41
e 14 42
e 14 43
e 14 44
e 14 46
e 15 16
e 15 19
e 15 20
e 15 29
e 15 31
e 15 34
e 15 37
e 15 41
e 15 46
e 16 17
e 16 25
e 16 26
e 16 27
e 16 30
e 16 34
e 16 37
e 16 38
e 16 39
e 16 41
e 17 23
e 17 27
e 17 28
e 17 34
e 17 39
e 17 40
e 17 41
e 17 48
e 17 49
e 18 20
e 18 21
e 18 33
e 18 34
e 18 41
e 18 47
e 19 20
e 19 24
e 19 26
e 19 28
e 19 29
e 19 32
e 19 37
e 19 39
e 19 41
e 19 45
e 19 48
e 20 22
e 20 23
e 20 25
e 20 29
e 20 30
e 20 33
e 20 37
e 20 39
e 20 42
e 20 44
e 20 45
e 21 25
e 21 27
e 21 28
e 21 32
e 21 33
e 21 34
e 21 36
e 21 38
e 21 40
e 21 46
e 22 23
e 22 27
e 22 28
e 22 31
e 22 34
e 22 36
e 22 45
e 22 46
e 22 48
e 23 24
e 23 29
e 23 35
e 23 37
e 23 40
e 23 42
e 23 43
e 24 26
e 24 28
e 24 31
e 24 39
e 24 49
e 25 26
e 25 27
e 25 28
e 25 32
e 25 35
e 25 36
e 25 38
e 25 39
e 25 42
e 25 45
e 25 49
e 26 27
e 26 31
e 26 33
e 26 34
e 26 35
e 26 39
e 26 40
e 26 42
e 26 45
e 26 48
e 27 30
e 27 34
e 27 35
e 27 36
e 27 38
e 27 40
e 27 49
e 28 30
e 28 33
e 28 36
e 28 39
e 28 40
e 28 42
e 28 43
e 29 33
e 29 37
e 29 38
e 30 33
e 30 35
e 30 36
e 30 37
e 30 41
e 30 42
e 30 44
e 31 33
e 31 35
e 31 37
e 31 39
e 31 41
e 31 42
e 31 46
e 31 47
e 31 49
e 32 33
e 32 36
e 32 38
e 32 40
e 32 41
e 32 43
e 33 39
e 33 48
e 33 49
e 34 40
e 34 42
e 34 47
e 35 38
e 35 39
e 35 44
e 35 46
e 35 47
e 35 48
e 35 49
e 36 38
e 36 40
e 36 41
e 36 46
e 37 38
e 37 39
e 37 40
e 37 41
e 37 43
e 37 44
e 37 46
e 37 49
e 38 39
e 38 40
e 38 47
e 39 46
e 39 47
e 39 48
e 40 41
e 40 44
e 41 42
e 41 45
e 41 47
e 41 48
e 41 49
e 42 44
e 42 45
e 42 47
e 42 49
e 43 44
e 43 49
e 44 47
e 46 47
e 47 48
e 48 49
cU 1 1 1 1 1 1 1 1 1 1 1 1 1 1 1 1 1 1 1 1 1 1 1 1 1 1 1 1 1 1 1 1 1 1 1 1 1 1 1 1 1 1 1 1 1 1 1 1 1 1
cL 1 1 1 1 1 1 1 1 1 1 1 1 1 1 1 1 1 1 1 1 1 1 1 1 1 1 1 1 1 1 1 1 1 1 1 1 1 1 1 1 1 1 1 1 1 1 1 1 1 1
iL 30 30 30 30 30 30 30 30 30 30 30 30 30 30 30 30 30 30 30 30 30 30 30 30 30 30 30 30 30 30 30 30 30 30 30 30 30 30 30 30 30 30 30 30 30 30 30 30 30 30
bU 30
bL 30