p 50 er 0.3 0.15 0.15 1.0 0.6
e 0 4
e 0 7
e 0 9
e 0 12
e 0 13
e 0 16
e 0 17
e 0 18
e 0 22
e 0 23
e 0 24
e 0 25
e 0 27
e 0 29
e 0 31
e 0 35
e 0 38
e 0 41
e 0 49
e 1 2
e 1 11
e 1 15
e 1 21
e 1 22
e 1 24
e 1 27
e 1 28
e 1 33
e 1 34
e 1 36
e 1 39
e 1 46
e 1 47
e 2 3
e 2 6
e 2 13
e 2 16
e 2 20
e 2 34
e 2 35
e 2 46
e 3 4
e 3 6
e 3 12
e 3 13
e 3 17
e 3 19
e 3 22
e 3 28
e 3 31
e 3 33
e 3 34
e 3 36
e 3 38
e 3 45
e 3 48
e 4 5
e 4 12
e 4 18
e 4 20
e 4 22
e 4 26
e 4 29
e 4 34
e 4 41
e 4 45
e 4 48
e 4 49
e 5 12
e 5 17
e 5 19
e 5 20
e 5 23
e 5 29
e 5 35
e 5 36
e 5 37
e 5 38
e 5 39
e 5 40
e 5 42
e 5 43
e 5 45
e 6 16
e 6 18
e 6 19
e 6 26
e 6 27
e 6 30
e 6 33
e 6 34
e 6 40
e 6 42
e 6 49
e 7 8
e 7 22
e 7 23
e 7 26
e 7 27
e 7 28
e 7 29
e 7 32
e 7 34
e 7 40
e 7 42
e 7 43
e 7 44
e 7 45
e 8 9
e 8 25
e 8 26
e 8 27
e 8 31
e 8 34
e 8 36
e 8 37
e 8 39
e 8 40
e 8 41
e 8 43
e 8 44
e 8 47
e 9 10
e 9 14
e 9 31
e 9 32
e 9 36
e 9 39
e 9 41
e 9 45
e 9 47
e 10 11
e 10 12
e 10 19
e 10 20
e 10 27
e 10 30
e 10 34
e 10 36
e 10 37
e 10 41
e 10 42
e 10 44
e 10 47
e 11 13
e 11 20
e 11 27
e 11 29
e 11 31
e 11 34
e 11 35
e 11 38
e 11 40
e 11 48
e 12 20
e 12 21
e 12 22
e 12 28
e 12 34
e 12 36
e 12 37
e 12 43
e 13 15
e 13 17
e 13 21
e 13 25
e 13 28
e 13 30
e 13 36
e 13 43
e 13 44
e 13 45
e 13 46
e 13 47
e 13 48
e 13 49
e 14 19
e 14 23
e 14 25
e 14 30
e 14 31
e 14 32
e 14 39
e 14 43
e 14 44
e 14 46
e 14 48
e 14 49
e 15 17
e 15 18
e 15 21
e 15 23
e 15 30
e 15 31
e 15 35
e 15 37
e 15 40
e 15 44
e 16 20
e 16 23
e 16 29
e 16 33
e 16 39
e 17 18
e 17 24
e 17 25
e 17 29
e 17 30
e 17 37
e 17 39
e 17 43
e 17 44
e 17 48
e 17 49
e 18 22
e 18 23
e 18 27
e 18 36
e 18 38
e 18 41
e 18 46
e 19 23
e 19 24
e 19 26
e 19 28
e 19 30
e 19 36
e 19 42
e 19 43
e 20 29
e 20 39
e 20 40
e 20 45
e 20 48
e 20 49
e 21 22
e 21 24
e 21 29
e 21 32
e 21 33
e 21 35
e 21 37
e 21 41
e 21 45
e 21 47
e 22 24
e 22 29
e 22 31
e 22 34
e 22 36
e 22 37
e 22 38
e 22 39
e 22 43
e 22 44
e 23 24
e 23 29
e 23 31
e 23 37
e 23 39
e 23 46
e 23 49
e 24 29
e 24 33
e 24 36
e 24 37
e 24 41
e 24 43
e 24 44
e 25 29
e 25 31
e 25 33
e 25 40
e 26 28
e 26 29
e 26 34
e 26 36
e 26 37
e 26 40
e 26 41
e 26 43
e 27 30
e 27 31
e 27 32
e 27 33
e 27 37
e 27 38
e 27 39
e 27 45
e 27 46
e 28 33
e 28 34
e 28 37
e 28 40
e 28 42
e 28 43
e 28 44
e 28 47
e 28 48
e 29 32
e 29 34
e 29 42
e 29 44
e 30 32
e 30 33
e 30 35
e 30 42
e 30 46
e 31 32
e 31 35
e 31 37
e 31 44
e 31 47
e 32 33
e 32 34
e 32 38
e 32 39
e 32 40
e 32 42
e 32 45
e 33 40
e 33 43
e 33 45
e 33 47
e 33 48
e 34 37
e 34 38
e 34 39
e 35 37
e 35 42
e 35 43
e 35 44
e 35 48
e 35 49
e 36 38
e 36 40
e 36 42
e 36 45
e 37 38
e 37 39
e 37 44
e 37 45
e 37 49
e 38 41
e 38 42
e 38 43
e 39 40
e 39 41
e 39 46
e 39 48
e 40 43
e 40 44
e 40 46
e 40 48
e 41 42
e 41 44
e 41 46
e 42 47
e 43 49
e 44 46
e 44 47
e 44 48
e 45 46
e 45 47
e 45 49
e 47 48
cU 1 1 1 1 1 1 1 1 1 1 1 1 1 1 1 1 1 1 1 1 1 1 1 1 1 1 1 1 1 1 1 1 1 1 1 1 1 1 1 1 1 1 1 1 1 1 1 1 1 1
cL 1 1 1 1 1 1 1 1 1 1 1 1 1 1 1 1 1 1 1 1 1 1 1 1 1 1 1 1 1 1 1 1 1 1 1 1 1 1 1 1 1 1 1 1 1 1 1 1 1 1
iL 30 30 30 30 30 30 30 30 30 30 30 30 30 30 30 30 30 30 30 30 30 30 30 30 30 30 30 30 30 30 30 30 30 30 30 30 30 30 30 30 30 30 30 30 30 30 30 30 30 30
bU 30
bL 30