p 50 er 0.3 0.4 0.15 1.0 0.6
e 0 2
e 0 5
e 0 6
e 0 18
e 0 29
e 0 30
e 0 32
e 0 34
e 0 36
e 0 44
e 1 3
e 1 6
e 1 7
e 1 8
e 1 11
e 1 13
e 1 14
e 1 17
e 1 22
e 1 28
e 1 29
e 1 36
e 1 42
e 1 43
e 1 45
e 2 7
e 2 9
e 2 12
e 2 14
e 2 16
e 2 17
e 2 22
e 2 23
e 2 24
e 2 26
e 2 27
e 2 28
e 2 29
e 2 32
e 2 34
e 2 36
e 2 37
e 2 44
e 2 47
e 3 4
e 3 7
e 3 8
e 3 12
e 3 13
e 3 16
e 3 18
e 3 20
e 3 24
e 3 25
e 3 30
e 3 33
e 3 34
e 3 38
e 3 46
e 4 9
e 4 11
e 4 15
e 4 17
e 4 18
e 4 21
e 4 23
e 4 29
e 4 30
e 4 33
e 4 36
e 4 45
e 5 6
e 5 7
e 5 10
e 5 17
e 5 27
e 5 28
e 5 29
e 5 30
e 5 32
e 5 33
e 5 34
e 5 35
e 5 37
e 5 39
e 5 45
e 5 47
e 5 48
e 6 10
e 6 11
e 6 14
e 6 21
e 6 22
e 6 23
e 6 27
e 6 28
e 6 33
e 6 36
e 6 37
e 6 38
e 6 42
e 6 43
e 6 45
e 6 48
e 7 9
e 7 11
e 7 15
e 7 16
e 7 18
e 7 24
e 7 26
e 7 33
e 7 36
e 7 38
e 7 39
e 7 42
e 7 46
e 8 9
e 8 10
e 8 16
e 8 23
e 8 24
e 8 25
e 8 26
e 8 28
e 8 30
e 8 37
e 8 41
e 8 46
e 8 49
e 9 12
e 9 16
e 9 20
e 9 22
e 9 23
e 9 26
e 9 29
e 9 35
e 9 36
e 9 38
e 9 41
e 9 45
e 10 11
e 10 12
e 10 14
e 10 15
e 10 18
e 10 20
e 10 22
e 10 23
e 10 26
e 10 28
e 10 29
e 10 36
e 10 37
e 10 40
e 10 41
e 10 42
e 10 44
e 10 46
e 10 48
e 10 49
e 11 14
e 11 19
e 11 23
e 11 31
e 11 33
e 11 34
e 11 36
e 11 37
e 11 39
e 11 44
e 11 47
e 11 49
e 12 13
e 12 16
e 12 23
e 12 25
e 12 27
e 12 28
e 12 29
e 12 32
e 12 37
e 12 39
e 12 40
e 12 41
e 12 44
e 13 18
e 13 19
e 13 28
e 13 29
e 13 34
e 13 40
e 13 41
e 13 45
e 13 48
e 14 16
e 14 18
e 14 19
e 14 25
e 14 28
e 14 29
e 14 31
e 14 34
e 14 39
e 14 42
e 14 46
e 15 18
e 15 33
e 15 39
e 15 43
e 15 44
e 15 46
e 15 48
e 16 18
e 16 19
e 16 22
e 16 26
e 16 39
e 16 40
e 16 43
e 16 44
e 16 47
e 17 20
e 17 22
e 17 27
e 17 29
e 17 30
e 17 32
e 17 37
e 17 38
e 17 42
e 17 43
e 17 47
e 18 24
e 18 27
e 18 31
e 18 45
e 18 48
e 19 20
e 19 28
e 19 31
e 19 32
e 19 34
e 19 35
e 19 41
e 19 46
e 19 48
e 19 49
e 20 21
e 20 25
e 20 26
e 20 30
e 20 34
e 20 35
e 20 36
e 20 40
e 20 43
e 20 46
e 21 40
e 21 42
e 21 45
e 22 23
e 22 25
e 22 26
e 22 30
e 22 31
e 22 32
e 22 33
e 22 36
e 22 40
e 22 41
e 22 42
e 22 48
e 22 49
e 23 25
e 23 26
e 23 29
e 23 31
e 23 42
e 23 43
e 24 29
e 24 43
e 24 45
e 25 26
e 25 27
e 25 38
e 25 39
e 25 41
e 25 44
e 25 46
e 25 47
e 26 28
e 26 29
e 26 32
e 26 33
e 26 36
e 26 46
e 26 48
e 27 29
e 27 32
e 27 33
e 27 41
e 27 44
e 28 30
e 28 34
e 28 38
e 28 43
e 28 44
e 28 49
e 29 31
e 29 33
e 29 35
e 29 40
e 29 41
e 29 43
e 29 44
e 29 49
e 30 32
e 30 33
e 30 38
e 30 40
e 30 45
e 30 47
e 31 32
e 31 42
e 31 43
e 31 44
e 31 47
e 32 34
e 32 39
e 32 43
e 32 47
e 32 48
e 33 34
e 33 36
e 33 38
e 33 43
e 33 44
e 33 46
e 33 48
e 34 35
e 34 39
e 34 47
e 34 49
e 35 40
e 35 41
e 35 42
e 35 44
e 35 45
e 35 46
e 35 47
e 36 43
e 36 44
e 37 40
e 37 47
e 38 40
e 38 43
e 38 44
e 39 40
e 39 45
e 40 43
e 41 43
e 41 44
e 41 48
e 41 49
e 43 45
e 43 46
e 43 47
e 43 48
e 44 46
e 45 49
e 47 48
cU 1 1 1 1 1 1 1 1 1 1 1 1 1 1 1 1 1 1 1 1 1 1 1 1 1 1 1 1 1 1 1 1 1 1 1 1 1 1 1 1 1 1 1 1 1 1 1 1 1 1
cL 1 1 1 1 1 1 1 1 1 1 1 1 1 1 1 1 1 1 1 1 1 1 1 1 1 1 1 1 1 1 1 1 1 1 1 1 1 1 1 1 1 1 1 1 1 1 1 1 1 1
iL 30 30 30 30 30 30 30 30 30 30 30 30 30 30 30 30 30 30 30 30 30 30 30 30 30 30 30 30 30 30 30 30 30 30 30 30 30 30 30 30 30 30 30 30 30 30 30 30 30 30
bU 30
bL 30