p 50 er 0.3 0.2 0.05 1.0 0.6
e 0 1
e 0 2
e 0 4
e 0 5
e 0 6
e 0 8
e 0 10
e 0 11
e 0 12
e 0 16
e 0 24
e 0 27
e 0 28
e 0 30
e 0 32
e 0 36
e 0 39
e 0 40
e 0 45
e 0 46
e 0 49
e 1 7
e 1 13
e 1 19
e 1 20
e 1 24
e 1 33
e 1 35
e 1 38
e 1 40
e 1 45
e 2 4
e 2 9
e 2 19
e 2 21
e 2 27
e 2 28
e 2 32
e 2 34
e 2 37
e 2 40
e 2 42
e 2 43
e 2 46
e 2 48
e 3 4
e 3 5
e 3 8
e 3 9
e 3 15
e 3 17
e 3 23
e 3 25
e 3 32
e 3 39
e 3 45
e 3 47
e 3 48
e 4 6
e 4 7
e 4 8
e 4 12
e 4 14
e 4 19
e 4 22
e 4 25
e 4 33
e 4 34
e 4 36
e 4 44
e 4 45
e 5 8
e 5 11
e 5 12
e 5 15
e 5 30
e 5 34
e 5 36
e 5 39
e 5 43
e 5 44
e 5 46
e 5 48
e 5 49
e 6 8
e 6 10
e 6 14
e 6 16
e 6 18
e 6 20
e 6 26
e 6 27
e 6 28
e 6 32
e 6 35
e 6 37
e 6 43
e 6 47
e 6 48
e 6 49
e 7 8
e 7 9
e 7 11
e 7 14
e 7 16
e 7 17
e 7 19
e 7 22
e 7 23
e 7 25
e 7 26
e 7 29
e 7 30
e 7 31
e 7 34
e 7 38
e 7 39
e 7 46
e 7 47
e 8 18
e 8 22
e 8 23
e 8 24
e 8 25
e 8 26
e 8 27
e 8 28
e 8 33
e 8 34
e 8 35
e 8 40
e 8 41
e 8 44
e 8 45
e 8 47
e 9 11
e 9 13
e 9 14
e 9 19
e 9 20
e 9 22
e 9 25
e 9 26
e 9 27
e 9 28
e 9 30
e 9 33
e 9 36
e 9 39
e 9 46
e 9 49
e 10 15
e 10 21
e 10 22
e 10 24
e 10 26
e 10 29
e 10 33
e 10 34
e 10 39
e 10 42
e 10 44
e 10 48
e 10 49
e 11 13
e 11 15
e 11 16
e 11 17
e 11 19
e 11 21
e 11 28
e 11 30
e 11 32
e 11 34
e 11 35
e 11 37
e 11 41
e 11 42
e 11 44
e 11 46
e 11 47
e 11 49
e 12 13
e 12 24
e 12 25
e 12 26
e 12 27
e 12 29
e 12 30
e 12 31
e 12 37
e 12 39
e 12 40
e 12 43
e 12 44
e 12 48
e 12 49
e 13 14
e 13 17
e 13 18
e 13 22
e 13 26
e 13 29
e 13 31
e 13 34
e 13 40
e 13 44
e 13 49
e 14 15
e 14 18
e 14 20
e 14 21
e 14 22
e 14 25
e 14 27
e 14 28
e 14 29
e 14 30
e 14 31
e 14 35
e 14 36
e 14 38
e 14 40
e 14 44
e 14 48
e 15 16
e 15 18
e 15 26
e 15 28
e 15 31
e 15 34
e 15 40
e 15 41
e 15 46
e 16 24
e 16 25
e 16 33
e 16 35
e 16 36
e 16 38
e 16 40
e 16 41
e 16 46
e 16 47
e 17 18
e 17 20
e 17 23
e 17 29
e 17 30
e 17 31
e 17 33
e 17 34
e 17 35
e 17 38
e 17 43
e 17 44
e 17 47
e 17 48
e 17 49
e 18 20
e 18 21
e 18 22
e 18 24
e 18 25
e 18 37
e 18 44
e 18 47
e 18 48
e 18 49
e 19 23
e 19 24
e 19 25
e 19 34
e 19 35
e 19 37
e 19 42
e 19 43
e 19 49
e 20 22
e 20 32
e 20 37
e 21 22
e 21 24
e 21 30
e 21 32
e 21 34
e 21 38
e 21 40
e 21 45
e 22 23
e 22 28
e 22 31
e 22 33
e 22 38
e 22 39
e 22 42
e 22 46
e 22 48
e 23 25
e 23 27
e 23 30
e 23 34
e 23 41
e 23 42
e 23 43
e 23 45
e 23 47
e 24 26
e 24 28
e 24 33
e 24 36
e 24 40
e 24 44
e 25 27
e 25 28
e 25 32
e 25 34
e 25 35
e 25 36
e 25 38
e 25 45
e 25 47
e 25 48
e 25 49
e 26 27
e 26 30
e 26 34
e 26 44
e 26 47
e 27 32
e 27 33
e 27 34
e 27 36
e 27 43
e 27 45
e 27 48
e 27 49
e 28 30
e 28 32
e 28 37
e 28 43
e 28 44
e 28 46
e 29 31
e 29 32
e 29 34
e 29 42
e 29 46
e 29 47
e 30 31
e 30 35
e 30 38
e 30 42
e 30 44
e 31 34
e 31 35
e 31 38
e 31 40
e 31 41
e 31 43
e 32 34
e 32 35
e 32 36
e 32 38
e 32 41
e 33 34
e 33 36
e 33 37
e 33 40
e 33 45
e 33 47
e 34 38
e 34 43
e 35 39
e 35 40
e 36 38
e 36 40
e 37 39
e 37 40
e 37 44
e 37 45
e 38 43
e 38 49
e 39 43
e 39 46
e 40 45
e 40 49
e 41 42
e 41 45
e 42 48
e 44 47
e 44 48
e 44 49
e 46 48
e 47 48
e 48 49
cU 1 1 1 1 1 1 1 1 1 1 1 1 1 1 1 1 1 1 1 1 1 1 1 1 1 1 1 1 1 1 1 1 1 1 1 1 1 1 1 1 1 1 1 1 1 1 1 1 1 1
cL 1 1 1 1 1 1 1 1 1 1 1 1 1 1 1 1 1 1 1 1 1 1 1 1 1 1 1 1 1 1 1 1 1 1 1 1 1 1 1 1 1 1 1 1 1 1 1 1 1 1
iL 30 30 30 30 30 30 30 30 30 30 30 30 30 30 30 30 30 30 30 30 30 30 30 30 30 30 30 30 30 30 30 30 30 30 30 30 30 30 30 30 30 30 30 30 30 30 30 30 30 30
bU 30
bL 30