p 50 er 0.3 0.4 0.15 1.0 0.6
e 0 5
e 0 6
e 0 8
e 0 11
e 0 15
e 0 17
e 0 23
e 0 25
e 0 26
e 0 35
e 0 37
e 0 44
e 1 3
e 1 4
e 1 8
e 1 11
e 1 17
e 1 18
e 1 19
e 1 21
e 1 25
e 1 28
e 1 33
e 1 36
e 1 38
e 1 42
e 1 47
e 1 48
e 2 5
e 2 6
e 2 10
e 2 13
e 2 17
e 2 20
e 2 21
e 2 27
e 2 29
e 2 33
e 2 41
e 2 45
e 3 4
e 3 5
e 3 9
e 3 11
e 3 15
e 3 19
e 3 20
e 3 21
e 3 27
e 3 31
e 3 33
e 3 36
e 3 41
e 3 44
e 3 45
e 4 5
e 4 12
e 4 13
e 4 15
e 4 17
e 4 19
e 4 26
e 4 28
e 4 30
e 4 31
e 4 35
e 4 45
e 4 46
e 5 8
e 5 10
e 5 11
e 5 22
e 5 24
e 5 28
e 5 31
e 5 32
e 5 34
e 5 45
e 5 47
e 5 48
e 6 12
e 6 13
e 6 15
e 6 16
e 6 21
e 6 22
e 6 25
e 6 32
e 6 40
e 6 42
e 6 44
e 6 49
e 7 9
e 7 14
e 7 17
e 7 21
e 7 25
e 7 32
e 7 37
e 7 38
e 7 39
e 7 41
e 8 11
e 8 13
e 8 18
e 8 21
e 8 22
e 8 27
e 8 31
e 8 33
e 8 38
e 8 39
e 8 40
e 8 46
e 8 47
e 9 10
e 9 11
e 9 14
e 9 17
e 9 28
e 9 36
e 9 42
e 9 43
e 9 45
e 10 11
e 10 13
e 10 16
e 10 17
e 10 24
e 10 25
e 10 29
e 10 32
e 10 33
e 10 40
e 10 44
e 10 45
e 10 49
e 11 14
e 11 15
e 11 16
e 11 34
e 11 35
e 11 36
e 11 42
e 11 44
e 11 45
e 11 46
e 11 49
e 12 15
e 12 22
e 12 27
e 12 30
e 12 31
e 12 35
e 12 36
e 12 40
e 12 41
e 12 45
e 12 48
e 12 49
e 13 23
e 13 31
e 13 32
e 13 33
e 13 34
e 13 37
e 13 39
e 14 18
e 14 22
e 14 29
e 14 30
e 14 36
e 14 40
e 14 45
e 14 46
e 15 17
e 15 18
e 15 22
e 15 23
e 15 26
e 15 28
e 15 34
e 15 43
e 15 45
e 15 46
e 15 47
e 16 21
e 16 23
e 16 28
e 16 29
e 16 31
e 16 33
e 16 37
e 16 40
e 16 42
e 16 49
e 17 19
e 17 22
e 17 23
e 17 25
e 17 27
e 17 30
e 17 33
e 17 37
e 17 39
e 17 44
e 17 47
e 17 49
e 18 23
e 18 34
e 18 38
e 18 41
e 18 42
e 18 43
e 18 44
e 19 20
e 19 26
e 19 27
e 19 32
e 19 34
e 19 35
e 19 36
e 19 39
e 19 40
e 19 44
e 19 46
e 19 47
e 19 49
e 20 23
e 20 25
e 20 26
e 20 30
e 20 37
e 20 40
e 20 42
e 20 43
e 20 47
e 20 48
e 21 22
e 21 30
e 21 33
e 21 40
e 21 42
e 21 43
e 21 44
e 21 45
e 21 48
e 21 49
e 22 26
e 22 27
e 22 33
e 22 36
e 22 39
e 22 43
e 22 48
e 22 49
e 23 28
e 23 36
e 23 37
e 23 38
e 23 48
e 24 29
e 24 30
e 24 31
e 24 34
e 24 36
e 24 38
e 24 41
e 25 34
e 25 35
e 25 39
e 25 41
e 25 44
e 25 47
e 25 49
e 26 29
e 26 30
e 26 32
e 26 34
e 26 36
e 26 39
e 26 42
e 26 45
e 26 49
e 27 31
e 27 34
e 27 38
e 27 39
e 27 43
e 27 44
e 27 46
e 28 36
e 28 41
e 28 42
e 28 43
e 28 49
e 29 30
e 29 32
e 29 35
e 29 43
e 29 46
e 30 34
e 30 35
e 30 37
e 30 39
e 30 43
e 31 43
e 31 46
e 31 48
e 32 39
e 32 43
e 32 48
e 33 35
e 33 37
e 33 38
e 33 48
e 34 41
e 34 46
e 35 36
e 35 39
e 35 40
e 35 41
e 35 42
e 35 43
e 35 48
e 35 49
e 36 41
e 36 44
e 37 40
e 37 48
e 38 41
e 38 42
e 38 44
e 38 46
e 39 42
e 39 44
e 39 45
e 39 48
e 40 41
e 40 42
e 41 42
e 41 46
e 41 47
e 41 48
e 44 49
e 45 47
e 45 48
e 45 49
e 48 49
cU 1 1 1 1 1 1 1 1 1 1 1 1 1 1 1 1 1 1 1 1 1 1 1 1 1 1 1 1 1 1 1 1 1 1 1 1 1 1 1 1 1 1 1 1 1 1 1 1 1 1
cL 1 1 1 1 1 1 1 1 1 1 1 1 1 1 1 1 1 1 1 1 1 1 1 1 1 1 1 1 1 1 1 1 1 1 1 1 1 1 1 1 1 1 1 1 1 1 1 1 1 1
iL 30 30 30 30 30 30 30 30 30 30 30 30 30 30 30 30 30 30 30 30 30 30 30 30 30 30 30 30 30 30 30 30 30 30 30 30 30 30 30 30 30 30 30 30 30 30 30 30 30 30
bU 30
bL 30