p 60 er 0.3 0.2 0.05 1.0 0.6
e 0 3
e 0 7
e 0 10
e 0 14
e 0 15
e 0 19
e 0 24
e 0 25
e 0 30
e 0 34
e 0 40
e 0 44
e 0 46
e 0 51
e 0 55
e 0 56
e 1 2
e 1 17
e 1 18
e 1 19
e 1 23
e 1 25
e 1 26
e 1 28
e 1 30
e 1 31
e 1 32
e 1 36
e 1 43
e 1 48
e 1 53
e 1 56
e 1 57
e 2 3
e 2 5
e 2 7
e 2 9
e 2 17
e 2 18
e 2 24
e 2 27
e 2 32
e 2 36
e 2 41
e 2 42
e 2 44
e 2 45
e 2 50
e 2 58
e 3 5
e 3 7
e 3 10
e 3 17
e 3 20
e 3 24
e 3 26
e 3 32
e 3 33
e 3 36
e 3 39
e 3 42
e 3 43
e 3 49
e 3 57
e 3 58
e 4 5
e 4 20
e 4 28
e 4 29
e 4 32
e 4 33
e 4 35
e 4 39
e 4 43
e 4 47
e 4 57
e 5 6
e 5 8
e 5 10
e 5 12
e 5 13
e 5 15
e 5 18
e 5 20
e 5 23
e 5 24
e 5 26
e 5 33
e 5 37
e 5 38
e 5 39
e 5 51
e 5 52
e 5 53
e 5 56
e 5 58
e 6 7
e 6 8
e 6 9
e 6 14
e 6 16
e 6 20
e 6 23
e 6 29
e 6 36
e 6 41
e 6 42
e 6 45
e 6 48
e 6 49
e 6 57
e 7 9
e 7 13
e 7 19
e 7 26
e 7 28
e 7 33
e 7 35
e 7 37
e 7 41
e 8 10
e 8 14
e 8 15
e 8 20
e 8 22
e 8 23
e 8 24
e 8 25
e 8 28
e 8 34
e 8 36
e 8 46
e 8 55
e 9 11
e 9 20
e 9 23
e 9 36
e 9 42
e 9 44
e 9 45
e 9 53
e 10 14
e 10 17
e 10 24
e 10 37
e 10 38
e 10 40
e 10 41
e 10 44
e 11 14
e 11 18
e 11 21
e 11 26
e 11 33
e 11 37
e 11 47
e 11 50
e 12 14
e 12 27
e 12 30
e 12 32
e 12 38
e 12 39
e 12 43
e 12 45
e 12 52
e 12 55
e 12 56
e 12 57
e 12 59
e 13 15
e 13 19
e 13 26
e 13 28
e 13 29
e 13 30
e 13 33
e 13 36
e 13 40
e 13 41
e 13 42
e 13 44
e 13 49
e 13 51
e 13 58
e 14 22
e 14 24
e 14 28
e 14 32
e 14 35
e 14 39
e 14 41
e 14 44
e 14 52
e 14 53
e 15 20
e 15 28
e 15 31
e 15 33
e 15 37
e 15 40
e 15 49
e 15 55
e 15 59
e 16 17
e 16 18
e 16 23
e 16 25
e 16 27
e 16 29
e 16 36
e 16 37
e 16 46
e 16 51
e 16 52
e 16 55
e 16 56
e 16 58
e 17 19
e 17 21
e 17 22
e 17 28
e 17 29
e 17 30
e 17 34
e 17 36
e 17 40
e 17 46
e 17 49
e 17 51
e 17 52
e 17 53
e 17 54
e 17 56
e 18 24
e 18 25
e 18 28
e 18 30
e 18 40
e 18 45
e 18 46
e 18 48
e 18 51
e 18 52
e 18 56
e 18 59
e 19 20
e 19 21
e 19 29
e 19 33
e 19 41
e 19 44
e 19 45
e 19 51
e 19 54
e 20 21
e 20 23
e 20 33
e 20 35
e 20 38
e 20 39
e 20 40
e 20 53
e 20 58
e 21 23
e 21 24
e 21 27
e 21 31
e 21 34
e 21 37
e 21 39
e 21 40
e 21 41
e 21 48
e 21 49
e 21 50
e 21 52
e 21 53
e 21 55
e 21 56
e 21 57
e 22 23
e 22 24
e 22 25
e 22 29
e 22 32
e 22 40
e 22 43
e 22 48
e 22 52
e 22 53
e 22 57
e 22 58
e 23 24
e 23 25
e 23 29
e 23 31
e 23 42
e 23 43
e 23 45
e 24 26
e 24 27
e 24 28
e 24 29
e 24 30
e 24 33
e 24 37
e 24 39
e 24 42
e 24 43
e 24 47
e 24 49
e 24 51
e 24 52
e 25 26
e 25 29
e 25 31
e 25 33
e 25 37
e 25 38
e 25 40
e 25 41
e 25 42
e 25 45
e 25 49
e 25 55
e 25 56
e 25 57
e 25 58
e 26 28
e 26 29
e 26 39
e 26 41
e 26 45
e 26 46
e 26 47
e 26 50
e 26 51
e 26 54
e 27 28
e 27 30
e 27 33
e 27 36
e 27 45
e 27 46
e 27 47
e 27 51
e 27 53
e 27 54
e 27 55
e 27 56
e 27 59
e 28 31
e 28 34
e 28 35
e 28 36
e 28 38
e 28 40
e 28 41
e 28 42
e 28 43
e 28 44
e 28 48
e 28 52
e 28 53
e 28 55
e 28 58
e 28 59
e 29 36
e 29 37
e 29 40
e 29 45
e 29 46
e 29 49
e 29 50
e 29 51
e 29 52
e 29 54
e 29 55
e 29 57
e 30 32
e 30 33
e 30 38
e 30 45
e 30 54
e 30 56
e 30 58
e 31 41
e 31 43
e 31 45
e 31 47
e 31 51
e 32 33
e 32 35
e 32 36
e 32 38
e 32 43
e 32 47
e 32 48
e 32 49
e 32 50
e 32 54
e 32 55
e 32 58
e 33 37
e 33 40
e 33 41
e 33 45
e 33 50
e 33 55
e 33 57
e 33 58
e 33 59
e 34 36
e 34 40
e 34 41
e 34 42
e 34 43
e 34 51
e 34 53
e 35 45
e 35 53
e 35 58
e 36 39
e 36 47
e 36 50
e 36 52
e 37 39
e 37 46
e 37 52
e 37 54
e 37 55
e 37 56
e 38 39
e 38 41
e 38 43
e 38 45
e 38 46
e 38 50
e 38 52
e 38 56
e 38 59
e 39 40
e 39 42
e 39 43
e 39 44
e 39 58
e 39 59
e 40 42
e 40 44
e 40 45
e 40 46
e 40 57
e 41 45
e 41 46
e 41 50
e 41 55
e 41 59
e 42 45
e 42 48
e 42 50
e 43 45
e 43 46
e 43 47
e 43 49
e 43 51
e 43 58
e 44 49
e 44 51
e 44 52
e 44 56
e 44 57
e 44 58
e 45 46
e 45 53
e 45 57
e 46 48
e 46 50
e 46 53
e 46 56
e 47 50
e 47 52
e 47 56
e 47 57
e 47 58
e 48 49
e 48 52
e 48 53
e 49 51
e 50 51
e 50 53
e 50 54
e 51 56
e 51 58
e 52 56
e 52 59
e 54 59
e 55 57
e 58 59
cU 1 1 1 1 1 1 1 1 1 1 1 1 1 1 1 1 1 1 1 1 1 1 1 1 1 1 1 1 1 1 1 1 1 1 1 1 1 1 1 1 1 1 1 1 1 1 1 1 1 1 1 1 1 1 1 1 1 1 1 1
cL 1 1 1 1 1 1 1 1 1 1 1 1 1 1 1 1 1 1 1 1 1 1 1 1 1 1 1 1 1 1 1 1 1 1 1 1 1 1 1 1 1 1 1 1 1 1 1 1 1 1 1 1 1 1 1 1 1 1 1 1
iL 36 36 36 36 36 36 36 36 36 36 36 36 36 36 36 36 36 36 36 36 36 36 36 36 36 36 36 36 36 36 36 36 36 36 36 36 36 36 36 36 36 36 36 36 36 36 36 36 36 36 36 36 36 36 36 36 36 36 36 36
bU 36
bL 36