p 60 er 0.3 0.2 0.05 1.0 0.6
e 0 8
e 0 12
e 0 14
e 0 16
e 0 17
e 0 26
e 0 30
e 0 39
e 0 40
e 0 41
e 0 43
e 0 46
e 0 49
e 0 50
e 0 54
e 0 59
e 1 2
e 1 3
e 1 5
e 1 19
e 1 21
e 1 24
e 1 25
e 1 28
e 1 32
e 1 34
e 1 35
e 1 37
e 1 43
e 1 44
e 1 46
e 1 49
e 1 51
e 1 53
e 1 57
e 1 58
e 2 3
e 2 10
e 2 18
e 2 30
e 2 31
e 2 33
e 2 36
e 2 38
e 2 45
e 2 46
e 2 48
e 3 7
e 3 8
e 3 9
e 3 12
e 3 15
e 3 16
e 3 18
e 3 19
e 3 23
e 3 28
e 3 30
e 3 31
e 3 33
e 3 34
e 3 35
e 3 39
e 3 52
e 3 53
e 3 54
e 3 59
e 4 5
e 4 8
e 4 11
e 4 12
e 4 15
e 4 17
e 4 21
e 4 26
e 4 27
e 4 33
e 4 37
e 4 38
e 4 40
e 4 42
e 4 45
e 4 50
e 4 51
e 4 54
e 4 55
e 4 56
e 4 58
e 4 59
e 5 13
e 5 14
e 5 17
e 5 31
e 5 44
e 5 46
e 5 55
e 5 59
e 6 11
e 6 15
e 6 18
e 6 30
e 6 32
e 6 36
e 6 37
e 6 40
e 6 42
e 6 48
e 6 53
e 6 55
e 6 56
e 6 59
e 7 9
e 7 10
e 7 12
e 7 22
e 7 25
e 7 29
e 7 32
e 7 33
e 7 34
e 7 35
e 7 37
e 7 38
e 7 39
e 7 42
e 7 43
e 7 46
e 7 48
e 7 57
e 7 59
e 8 11
e 8 14
e 8 15
e 8 24
e 8 37
e 8 45
e 8 46
e 8 58
e 9 16
e 9 18
e 9 19
e 9 20
e 9 22
e 9 32
e 9 35
e 9 38
e 9 41
e 9 43
e 9 45
e 9 46
e 9 50
e 9 52
e 9 55
e 9 57
e 10 11
e 10 12
e 10 19
e 10 25
e 10 27
e 10 28
e 10 29
e 10 30
e 10 33
e 10 34
e 10 36
e 10 42
e 10 47
e 10 52
e 10 53
e 10 59
e 11 15
e 11 18
e 11 20
e 11 21
e 11 22
e 11 25
e 11 27
e 11 31
e 11 37
e 11 38
e 11 39
e 11 42
e 12 16
e 12 19
e 12 23
e 12 26
e 12 29
e 12 33
e 12 35
e 12 37
e 12 39
e 12 40
e 12 41
e 12 42
e 12 45
e 12 47
e 12 49
e 12 52
e 12 53
e 12 56
e 12 58
e 13 18
e 13 24
e 13 25
e 13 27
e 13 34
e 13 35
e 13 36
e 13 38
e 13 43
e 13 46
e 13 51
e 13 58
e 13 59
e 14 23
e 14 26
e 14 27
e 14 28
e 14 29
e 14 30
e 14 34
e 14 37
e 14 38
e 14 40
e 14 42
e 14 47
e 14 48
e 14 50
e 14 55
e 15 19
e 15 20
e 15 22
e 15 28
e 15 31
e 15 33
e 15 36
e 15 39
e 15 40
e 15 43
e 15 47
e 15 55
e 15 57
e 16 24
e 16 29
e 16 33
e 16 34
e 16 47
e 17 19
e 17 20
e 17 24
e 17 29
e 17 38
e 17 40
e 17 41
e 17 47
e 17 49
e 17 50
e 17 57
e 17 59
e 18 24
e 18 28
e 18 30
e 18 32
e 18 33
e 18 34
e 18 35
e 18 36
e 18 38
e 18 47
e 18 50
e 18 54
e 18 56
e 19 20
e 19 29
e 19 30
e 19 36
e 19 38
e 19 40
e 19 46
e 19 49
e 19 50
e 19 54
e 19 59
e 20 21
e 20 22
e 20 23
e 20 24
e 20 39
e 20 41
e 20 46
e 20 49
e 20 57
e 20 59
e 21 24
e 21 29
e 21 40
e 21 42
e 21 46
e 21 47
e 21 48
e 21 53
e 21 54
e 21 58
e 22 27
e 22 29
e 22 31
e 22 32
e 22 34
e 22 43
e 22 44
e 22 50
e 22 55
e 22 56
e 22 57
e 23 32
e 23 33
e 23 34
e 23 35
e 23 49
e 23 50
e 23 52
e 23 53
e 23 54
e 24 26
e 24 28
e 24 29
e 24 30
e 24 31
e 24 39
e 24 40
e 24 51
e 24 53
e 24 54
e 24 57
e 25 30
e 25 32
e 25 37
e 25 38
e 25 40
e 25 41
e 25 42
e 25 44
e 25 47
e 25 48
e 25 54
e 25 55
e 25 59
e 26 28
e 26 30
e 26 31
e 26 41
e 26 48
e 26 50
e 26 55
e 26 57
e 26 59
e 27 31
e 27 33
e 27 34
e 27 37
e 27 43
e 27 45
e 27 51
e 27 54
e 27 56
e 27 58
e 28 31
e 28 42
e 28 43
e 28 44
e 28 48
e 28 51
e 28 53
e 28 54
e 29 36
e 29 37
e 29 38
e 29 41
e 29 44
e 29 47
e 29 56
e 29 59
e 30 32
e 30 35
e 30 37
e 30 39
e 30 45
e 30 46
e 30 48
e 30 52
e 30 55
e 30 59
e 31 33
e 31 35
e 31 38
e 31 43
e 31 48
e 31 56
e 32 37
e 32 39
e 32 49
e 32 55
e 33 43
e 33 45
e 33 47
e 33 48
e 33 57
e 33 59
e 34 35
e 34 37
e 34 44
e 34 55
e 35 36
e 35 39
e 35 41
e 35 44
e 35 46
e 35 51
e 35 52
e 35 54
e 36 39
e 36 40
e 36 45
e 36 48
e 36 49
e 37 40
e 37 41
e 37 44
e 37 47
e 37 54
e 37 55
e 37 56
e 38 43
e 38 50
e 38 54
e 39 41
e 39 42
e 39 49
e 39 57
e 39 58
e 40 41
e 40 43
e 40 45
e 40 49
e 40 51
e 41 45
e 41 48
e 41 53
e 41 58
e 42 50
e 42 51
e 42 55
e 42 58
e 42 59
e 43 44
e 43 46
e 43 47
e 43 48
e 43 53
e 43 55
e 43 56
e 43 59
e 44 46
e 44 47
e 44 50
e 44 51
e 44 52
e 44 54
e 44 59
e 45 48
e 45 49
e 45 52
e 45 54
e 45 59
e 46 50
e 47 54
e 47 57
e 48 49
e 48 52
e 48 54
e 48 56
e 48 57
e 48 59
e 49 50
e 49 51
e 49 52
e 49 55
e 49 58
e 49 59
e 50 54
e 51 58
e 52 54
e 53 56
e 53 57
e 55 56
e 55 59
e 57 58
e 58 59
cU 1 1 1 1 1 1 1 1 1 1 1 1 1 1 1 1 1 1 1 1 1 1 1 1 1 1 1 1 1 1 1 1 1 1 1 1 1 1 1 1 1 1 1 1 1 1 1 1 1 1 1 1 1 1 1 1 1 1 1 1
cL 1 1 1 1 1 1 1 1 1 1 1 1 1 1 1 1 1 1 1 1 1 1 1 1 1 1 1 1 1 1 1 1 1 1 1 1 1 1 1 1 1 1 1 1 1 1 1 1 1 1 1 1 1 1 1 1 1 1 1 1
iL 36 36 36 36 36 36 36 36 36 36 36 36 36 36 36 36 36 36 36 36 36 36 36 36 36 36 36 36 36 36 36 36 36 36 36 36 36 36 36 36 36 36 36 36 36 36 36 36 36 36 36 36 36 36 36 36 36 36 36 36
bU 36
bL 36