p 40 ws 0.3 0.2 0.15 1.0 0.6
e 0 2
e 0 38
e 0 37
e 0 36
e 0 19
e 0 25
e 0 35
e 0 23
e 0 30
e 1 2
e 1 3
e 1 39
e 1 4
e 1 38
e 1 37
e 1 13
e 1 17
e 2 4
e 2 5
e 2 6
e 2 38
e 2 27
e 2 29
e 3 5
e 3 6
e 3 39
e 3 29
e 3 30
e 3 33
e 4 5
e 4 6
e 4 8
e 4 26
e 5 6
e 5 7
e 5 9
e 5 25
e 6 7
e 6 8
e 6 9
e 6 12
e 7 8
e 7 9
e 7 11
e 7 15
e 7 20
e 8 9
e 8 10
e 8 11
e 8 12
e 9 10
e 9 11
e 9 12
e 9 13
e 10 11
e 10 12
e 10 13
e 10 14
e 11 12
e 11 13
e 11 14
e 11 15
e 12 14
e 12 27
e 12 18
e 12 22
e 12 13
e 12 28
e 13 14
e 13 22
e 13 15
e 14 17
e 14 18
e 14 33
e 14 36
e 14 37
e 14 23
e 15 17
e 15 18
e 15 35
e 16 18
e 16 20
e 16 29
e 16 22
e 16 21
e 16 39
e 17 18
e 17 19
e 17 20
e 17 21
e 17 34
e 18 20
e 18 21
e 18 22
e 18 31
e 18 39
e 19 20
e 19 21
e 19 22
e 19 23
e 19 36
e 20 21
e 20 22
e 20 23
e 20 24
e 21 23
e 21 24
e 21 25
e 21 28
e 21 27
e 22 23
e 22 25
e 22 26
e 22 29
e 23 25
e 23 27
e 23 28
e 24 27
e 24 37
e 24 34
e 24 39
e 25 28
e 25 29
e 25 31
e 26 27
e 26 28
e 26 29
e 26 30
e 26 33
e 27 29
e 27 30
e 27 31
e 28 29
e 28 30
e 28 31
e 29 30
e 29 34
e 29 37
e 30 31
e 30 33
e 30 32
e 31 33
e 31 35
e 31 37
e 31 36
e 31 34
e 32 33
e 32 34
e 32 35
e 33 34
e 33 35
e 33 37
e 34 37
e 35 36
e 35 37
e 35 38
e 35 39
e 36 39
e 37 38
e 38 39
cU 1 1 1 1 1 1 1 1 1 1 1 1 1 1 1 1 1 1 1 1 1 1 1 1 1 1 1 1 1 1 1 1 1 1 1 1 1 1 1 1
cL 1 1 1 1 1 1 1 1 1 1 1 1 1 1 1 1 1 1 1 1 1 1 1 1 1 1 1 1 1 1 1 1 1 1 1 1 1 1 1 1
iL 24 24 24 24 24 24 24 24 24 24 24 24 24 24 24 24 24 24 24 24 24 24 24 24 24 24 24 24 24 24 24 24 24 24 24 24 24 24 24 24
bU 24
bL 24