p 40 ws 0.3 0.15 0.1 1.0 0.6
e 0 1
e 0 39
e 0 38
e 0 3
e 0 37
e 0 8
e 0 31
e 1 2
e 1 39
e 1 38
e 1 25
e 1 33
e 1 18
e 1 15
e 2 4
e 2 37
e 2 16
e 2 15
e 2 32
e 3 5
e 3 6
e 3 12
e 3 33
e 3 15
e 4 5
e 4 6
e 4 7
e 4 14
e 5 6
e 5 8
e 5 34
e 5 22
e 6 7
e 6 8
e 6 9
e 7 8
e 7 9
e 7 24
e 7 38
e 8 10
e 8 11
e 8 15
e 8 19
e 8 23
e 8 25
e 9 10
e 9 11
e 9 12
e 10 12
e 10 19
e 10 35
e 10 26
e 11 12
e 11 13
e 11 14
e 11 21
e 11 17
e 11 36
e 12 13
e 12 14
e 12 15
e 12 27
e 13 14
e 13 15
e 13 16
e 13 19
e 14 16
e 14 33
e 15 32
e 15 29
e 15 28
e 16 19
e 16 27
e 16 23
e 17 18
e 17 20
e 18 19
e 18 21
e 19 23
e 20 22
e 20 23
e 20 32
e 20 29
e 20 36
e 21 29
e 21 34
e 21 37
e 22 23
e 22 24
e 22 31
e 23 26
e 24 26
e 24 34
e 25 30
e 26 27
e 26 28
e 26 29
e 26 39
e 27 28
e 27 30
e 27 37
e 28 31
e 28 38
e 28 32
e 29 30
e 29 32
e 29 31
e 30 31
e 30 33
e 30 35
e 32 34
e 33 35
e 33 36
e 34 35
e 34 37
e 35 36
e 35 38
e 36 37
e 37 39
e 38 39
cU 1 1 1 1 1 1 1 1 1 1 1 1 1 1 1 1 1 1 1 1 1 1 1 1 1 1 1 1 1 1 1 1 1 1 1 1 1 1 1 1
cL 1 1 1 1 1 1 1 1 1 1 1 1 1 1 1 1 1 1 1 1 1 1 1 1 1 1 1 1 1 1 1 1 1 1 1 1 1 1 1 1
iL 24 24 24 24 24 24 24 24 24 24 24 24 24 24 24 24 24 24 24 24 24 24 24 24 24 24 24 24 24 24 24 24 24 24 24 24 24 24 24 24
bU 24
bL 24