p 40 ws 0.3 0.4 0.15 1.0 0.6
e 0 1
e 0 2
e 0 3
e 0 37
e 0 4
e 0 36
e 0 5
e 0 35
e 0 6
e 0 34
e 0 7
e 0 8
e 0 32
e 0 23
e 0 16
e 0 20
e 1 2
e 1 3
e 1 39
e 1 4
e 1 38
e 1 5
e 1 37
e 1 6
e 1 36
e 1 7
e 1 35
e 1 8
e 1 34
e 1 9
e 1 33
e 2 3
e 2 4
e 2 5
e 2 39
e 2 6
e 2 38
e 2 7
e 2 37
e 2 8
e 2 36
e 2 9
e 2 35
e 2 10
e 2 17
e 2 19
e 3 4
e 3 5
e 3 7
e 3 39
e 3 8
e 3 38
e 3 9
e 3 37
e 3 10
e 3 36
e 3 11
e 3 35
e 3 34
e 3 13
e 3 25
e 3 15
e 4 5
e 4 6
e 4 39
e 4 10
e 4 11
e 4 37
e 4 36
e 4 35
e 4 27
e 4 32
e 4 28
e 4 20
e 5 6
e 5 7
e 5 9
e 5 10
e 5 11
e 5 39
e 5 12
e 5 38
e 5 13
e 5 37
e 5 29
e 6 8
e 6 9
e 6 10
e 6 12
e 6 13
e 6 39
e 6 14
e 6 38
e 6 24
e 6 30
e 6 34
e 7 8
e 7 9
e 7 10
e 7 11
e 7 12
e 7 13
e 7 14
e 7 15
e 7 39
e 7 26
e 7 24
e 8 9
e 8 10
e 8 11
e 8 12
e 8 13
e 8 14
e 8 16
e 8 27
e 8 19
e 8 32
e 8 22
e 9 10
e 9 11
e 9 12
e 9 13
e 9 14
e 9 16
e 9 17
e 9 18
e 10 11
e 10 12
e 10 13
e 10 14
e 10 15
e 10 16
e 10 17
e 10 18
e 10 39
e 10 34
e 11 12
e 11 13
e 11 14
e 11 15
e 11 16
e 11 17
e 11 18
e 11 19
e 11 38
e 12 13
e 12 14
e 12 15
e 12 16
e 12 17
e 12 18
e 12 19
e 12 20
e 12 31
e 12 28
e 13 14
e 13 15
e 13 16
e 13 17
e 13 18
e 13 20
e 13 21
e 13 25
e 13 34
e 13 31
e 13 24
e 13 38
e 14 16
e 14 17
e 14 18
e 14 19
e 14 20
e 14 21
e 14 22
e 14 39
e 14 27
e 15 17
e 15 18
e 15 19
e 15 21
e 15 23
e 15 27
e 15 36
e 15 30
e 15 26
e 16 17
e 16 18
e 16 19
e 16 20
e 16 21
e 16 23
e 16 24
e 16 29
e 17 18
e 17 19
e 17 20
e 17 21
e 17 23
e 17 24
e 17 25
e 18 19
e 18 20
e 18 22
e 18 24
e 18 25
e 18 26
e 18 36
e 18 21
e 19 20
e 19 21
e 19 22
e 19 23
e 19 25
e 19 27
e 20 21
e 20 22
e 20 23
e 20 24
e 20 25
e 20 27
e 20 28
e 20 33
e 21 22
e 21 24
e 21 26
e 21 27
e 21 28
e 21 29
e 21 37
e 21 35
e 22 23
e 22 24
e 22 25
e 22 26
e 22 28
e 22 30
e 22 38
e 23 24
e 23 25
e 23 26
e 23 28
e 23 29
e 23 30
e 23 31
e 24 25
e 24 26
e 24 27
e 24 28
e 24 30
e 24 31
e 25 26
e 25 28
e 25 30
e 25 31
e 25 32
e 25 33
e 26 27
e 26 28
e 26 29
e 26 30
e 26 32
e 26 33
e 27 28
e 27 30
e 27 31
e 27 33
e 27 34
e 27 35
e 28 29
e 28 30
e 28 31
e 28 32
e 28 33
e 28 36
e 29 30
e 29 31
e 29 32
e 29 34
e 29 35
e 29 36
e 29 37
e 30 31
e 30 32
e 30 33
e 30 34
e 30 35
e 30 36
e 30 37
e 30 38
e 31 32
e 31 33
e 31 37
e 31 38
e 31 39
e 31 35
e 32 33
e 32 34
e 32 35
e 32 36
e 32 37
e 32 38
e 32 39
e 33 34
e 33 35
e 33 36
e 33 37
e 33 38
e 33 39
e 34 35
e 34 39
e 34 38
e 35 36
e 35 37
e 35 38
e 35 39
e 36 37
e 36 38
e 37 38
e 37 39
e 38 39
cU 1 1 1 1 1 1 1 1 1 1 1 1 1 1 1 1 1 1 1 1 1 1 1 1 1 1 1 1 1 1 1 1 1 1 1 1 1 1 1 1
cL 1 1 1 1 1 1 1 1 1 1 1 1 1 1 1 1 1 1 1 1 1 1 1 1 1 1 1 1 1 1 1 1 1 1 1 1 1 1 1 1
iL 24 24 24 24 24 24 24 24 24 24 24 24 24 24 24 24 24 24 24 24 24 24 24 24 24 24 24 24 24 24 24 24 24 24 24 24 24 24 24 24
bU 24
bL 24