p 40 ws 0.3 0.15 0.1 1.0 0.6
e 0 1
e 0 2
e 0 3
e 0 37
e 0 20
e 0 22
e 1 3
e 1 4
e 1 38
e 1 23
e 1 36
e 1 34
e 2 4
e 2 5
e 2 10
e 2 33
e 3 5
e 3 17
e 3 8
e 3 34
e 4 7
e 4 21
e 4 36
e 4 6
e 5 6
e 5 8
e 5 11
e 5 16
e 6 9
e 6 31
e 6 28
e 6 39
e 7 10
e 7 15
e 7 14
e 7 25
e 7 36
e 8 10
e 8 24
e 8 36
e 9 10
e 9 11
e 9 39
e 9 13
e 9 12
e 10 13
e 10 27
e 10 19
e 11 14
e 11 39
e 12 14
e 12 35
e 12 13
e 12 30
e 12 19
e 13 16
e 13 19
e 14 16
e 14 17
e 14 20
e 15 17
e 15 18
e 15 22
e 15 19
e 16 17
e 16 18
e 16 19
e 17 18
e 17 19
e 17 20
e 18 20
e 18 21
e 18 39
e 19 20
e 19 25
e 20 22
e 20 23
e 21 22
e 21 23
e 21 32
e 21 24
e 22 23
e 22 24
e 22 27
e 23 24
e 23 25
e 23 26
e 24 25
e 25 26
e 26 28
e 26 29
e 26 34
e 27 28
e 27 29
e 27 34
e 27 37
e 28 30
e 28 31
e 28 38
e 29 30
e 29 31
e 29 32
e 29 39
e 30 32
e 30 33
e 31 32
e 31 33
e 31 34
e 32 33
e 32 34
e 32 35
e 33 34
e 33 36
e 34 37
e 35 36
e 35 37
e 35 38
e 36 38
e 37 39
e 38 39
cU 1 1 1 1 1 1 1 1 1 1 1 1 1 1 1 1 1 1 1 1 1 1 1 1 1 1 1 1 1 1 1 1 1 1 1 1 1 1 1 1
cL 1 1 1 1 1 1 1 1 1 1 1 1 1 1 1 1 1 1 1 1 1 1 1 1 1 1 1 1 1 1 1 1 1 1 1 1 1 1 1 1
iL 24 24 24 24 24 24 24 24 24 24 24 24 24 24 24 24 24 24 24 24 24 24 24 24 24 24 24 24 24 24 24 24 24 24 24 24 24 24 24 24
bU 24
bL 24