p 40 ws 0.3 0.15 0.1 1.0 0.6
e 0 39
e 0 2
e 0 20
e 0 13
e 0 1
e 1 2
e 1 39
e 1 4
e 1 38
e 1 25
e 1 22
e 1 34
e 1 12
e 1 15
e 1 36
e 2 5
e 2 39
e 2 32
e 2 18
e 2 3
e 2 19
e 3 4
e 3 5
e 3 22
e 3 37
e 4 5
e 4 6
e 4 23
e 5 7
e 5 18
e 5 17
e 5 24
e 6 7
e 6 8
e 6 9
e 6 32
e 6 33
e 7 9
e 7 10
e 7 31
e 7 36
e 8 10
e 8 11
e 8 14
e 8 34
e 9 10
e 9 12
e 9 37
e 9 24
e 9 23
e 10 11
e 10 12
e 10 13
e 11 12
e 11 13
e 11 19
e 12 13
e 12 26
e 13 15
e 13 16
e 13 31
e 14 17
e 14 37
e 14 24
e 15 17
e 15 21
e 15 19
e 15 20
e 16 17
e 16 18
e 16 19
e 17 18
e 17 24
e 17 33
e 17 22
e 18 20
e 18 21
e 18 31
e 19 20
e 20 21
e 20 23
e 20 25
e 21 22
e 21 23
e 21 24
e 21 31
e 22 25
e 23 24
e 23 25
e 24 27
e 24 39
e 25 27
e 25 37
e 26 27
e 26 28
e 26 29
e 27 28
e 27 29
e 27 30
e 28 29
e 28 30
e 28 31
e 29 30
e 29 31
e 29 32
e 29 38
e 30 31
e 30 32
e 30 33
e 31 34
e 32 33
e 32 34
e 33 34
e 34 37
e 35 36
e 35 37
e 35 38
e 36 38
e 37 39
e 38 39
cU 1 1 1 1 1 1 1 1 1 1 1 1 1 1 1 1 1 1 1 1 1 1 1 1 1 1 1 1 1 1 1 1 1 1 1 1 1 1 1 1
cL 1 1 1 1 1 1 1 1 1 1 1 1 1 1 1 1 1 1 1 1 1 1 1 1 1 1 1 1 1 1 1 1 1 1 1 1 1 1 1 1
iL 24 24 24 24 24 24 24 24 24 24 24 24 24 24 24 24 24 24 24 24 24 24 24 24 24 24 24 24 24 24 24 24 24 24 24 24 24 24 24 24
bU 24
bL 24