p 40 ws 0.3 0.1 0.1 1.0 0.6
e 0 39
e 0 2
e 0 38
e 0 17
e 1 2
e 1 3
e 1 39
e 2 4
e 2 35
e 3 5
e 3 18
e 4 5
e 4 6
e 5 6
e 5 7
e 5 15
e 6 7
e 6 8
e 7 8
e 7 32
e 8 10
e 8 32
e 8 28
e 8 22
e 8 37
e 9 10
e 9 39
e 9 20
e 10 29
e 10 38
e 11 12
e 11 17
e 12 14
e 12 38
e 13 14
e 13 15
e 13 34
e 14 15
e 14 39
e 14 29
e 15 17
e 16 17
e 16 18
e 17 18
e 17 19
e 17 32
e 18 19
e 18 20
e 19 20
e 19 21
e 20 31
e 21 22
e 21 23
e 22 38
e 23 24
e 23 25
e 23 36
e 24 25
e 24 26
e 25 27
e 25 32
e 26 27
e 26 28
e 27 28
e 27 29
e 28 30
e 29 30
e 30 31
e 30 32
e 31 32
e 31 33
e 32 33
e 32 38
e 32 35
e 33 34
e 33 35
e 34 35
e 35 36
e 36 37
e 37 38
cU 1 1 1 1 1 1 1 1 1 1 1 1 1 1 1 1 1 1 1 1 1 1 1 1 1 1 1 1 1 1 1 1 1 1 1 1 1 1 1 1
cL 1 1 1 1 1 1 1 1 1 1 1 1 1 1 1 1 1 1 1 1 1 1 1 1 1 1 1 1 1 1 1 1 1 1 1 1 1 1 1 1
iL 24 24 24 24 24 24 24 24 24 24 24 24 24 24 24 24 24 24 24 24 24 24 24 24 24 24 24 24 24 24 24 24 24 24 24 24 24 24 24 24
bU 24
bL 24