p 40 ws 0.3 0.15 0.1 1.0 0.6
e 0 39
e 0 2
e 0 38
e 0 3
e 0 18
e 0 19
e 1 3
e 1 39
e 1 4
e 1 38
e 1 34
e 1 6
e 1 14
e 2 3
e 2 4
e 2 39
e 2 10
e 2 18
e 3 4
e 3 5
e 3 6
e 3 14
e 3 18
e 3 20
e 4 6
e 4 10
e 4 38
e 4 35
e 4 22
e 5 6
e 5 7
e 5 34
e 6 8
e 6 9
e 6 35
e 6 15
e 6 24
e 7 15
e 7 37
e 7 39
e 8 9
e 8 11
e 8 14
e 8 17
e 9 10
e 9 12
e 9 32
e 9 22
e 10 12
e 10 13
e 10 14
e 11 13
e 11 14
e 11 21
e 12 13
e 12 14
e 12 39
e 13 14
e 13 15
e 13 16
e 13 37
e 15 17
e 15 29
e 16 17
e 16 18
e 16 19
e 17 18
e 17 35
e 18 19
e 18 20
e 19 20
e 19 22
e 19 26
e 20 22
e 20 35
e 21 22
e 21 23
e 21 24
e 22 23
e 22 24
e 22 25
e 23 24
e 23 25
e 23 26
e 24 25
e 24 34
e 24 30
e 24 28
e 25 26
e 25 27
e 25 28
e 26 27
e 26 29
e 27 28
e 27 29
e 27 36
e 28 29
e 28 30
e 28 33
e 29 30
e 29 31
e 29 32
e 30 31
e 30 32
e 30 33
e 31 32
e 31 33
e 31 34
e 31 36
e 32 34
e 32 35
e 33 35
e 33 36
e 34 36
e 34 37
e 35 38
e 36 38
e 36 39
e 37 38
e 37 39
cU 1 1 1 1 1 1 1 1 1 1 1 1 1 1 1 1 1 1 1 1 1 1 1 1 1 1 1 1 1 1 1 1 1 1 1 1 1 1 1 1
cL 1 1 1 1 1 1 1 1 1 1 1 1 1 1 1 1 1 1 1 1 1 1 1 1 1 1 1 1 1 1 1 1 1 1 1 1 1 1 1 1
iL 24 24 24 24 24 24 24 24 24 24 24 24 24 24 24 24 24 24 24 24 24 24 24 24 24 24 24 24 24 24 24 24 24 24 24 24 24 24 24 24
bU 24
bL 24