p 40 ws 0.3 0.4 0.15 1.0 0.6
e 0 1
e 0 2
e 0 38
e 0 4
e 0 35
e 0 6
e 0 34
e 0 33
e 0 32
e 0 11
e 0 26
e 0 31
e 0 22
e 0 3
e 0 28
e 0 10
e 0 12
e 1 3
e 1 39
e 1 4
e 1 38
e 1 5
e 1 37
e 1 36
e 1 34
e 1 9
e 1 33
e 1 28
e 1 12
e 1 20
e 1 19
e 1 11
e 2 3
e 2 4
e 2 39
e 2 6
e 2 7
e 2 37
e 2 36
e 2 35
e 2 10
e 2 34
e 2 21
e 2 28
e 2 12
e 2 11
e 2 16
e 2 5
e 3 5
e 3 7
e 3 8
e 3 38
e 3 10
e 3 36
e 3 11
e 3 23
e 3 18
e 3 17
e 3 13
e 3 29
e 4 5
e 4 7
e 4 8
e 4 9
e 4 39
e 4 38
e 4 32
e 4 17
e 4 19
e 4 25
e 4 18
e 4 24
e 4 22
e 4 30
e 5 6
e 5 8
e 5 10
e 5 11
e 5 12
e 5 38
e 5 37
e 5 17
e 5 21
e 5 29
e 6 7
e 6 9
e 6 10
e 6 11
e 6 12
e 6 13
e 6 39
e 6 14
e 6 38
e 6 15
e 6 23
e 6 31
e 6 25
e 7 9
e 7 10
e 7 11
e 7 12
e 7 13
e 7 14
e 7 15
e 7 39
e 7 29
e 8 9
e 8 10
e 8 11
e 8 14
e 8 16
e 8 19
e 8 27
e 8 39
e 8 35
e 8 37
e 8 30
e 9 12
e 9 13
e 9 15
e 9 16
e 9 29
e 9 25
e 9 35
e 9 33
e 9 10
e 9 38
e 9 20
e 10 11
e 10 12
e 10 13
e 10 15
e 10 16
e 10 18
e 10 28
e 10 32
e 10 22
e 10 35
e 11 12
e 11 15
e 11 16
e 11 18
e 11 19
e 11 30
e 11 34
e 12 14
e 12 15
e 12 16
e 12 18
e 12 19
e 12 20
e 12 28
e 13 14
e 13 18
e 13 31
e 13 35
e 13 37
e 13 15
e 13 30
e 13 22
e 13 16
e 13 24
e 13 28
e 14 15
e 14 16
e 14 18
e 14 19
e 14 20
e 14 21
e 14 22
e 14 38
e 14 36
e 15 16
e 15 17
e 15 18
e 15 19
e 15 20
e 15 22
e 15 24
e 15 33
e 15 35
e 15 26
e 16 17
e 16 18
e 16 19
e 16 20
e 16 21
e 16 23
e 16 39
e 16 25
e 16 26
e 17 18
e 17 21
e 17 22
e 17 23
e 17 25
e 17 38
e 17 19
e 17 31
e 17 36
e 17 29
e 18 22
e 18 24
e 18 26
e 18 36
e 18 31
e 18 30
e 18 38
e 18 29
e 19 20
e 19 21
e 19 23
e 19 24
e 19 25
e 19 26
e 19 27
e 19 32
e 19 29
e 20 21
e 20 23
e 20 25
e 20 27
e 20 31
e 20 38
e 20 29
e 21 22
e 21 24
e 21 25
e 21 26
e 21 27
e 21 28
e 21 29
e 22 23
e 22 24
e 22 25
e 22 26
e 22 27
e 22 29
e 22 30
e 22 36
e 22 37
e 23 24
e 23 26
e 23 27
e 23 28
e 23 29
e 23 30
e 23 31
e 23 36
e 23 39
e 24 26
e 24 27
e 24 28
e 24 29
e 24 31
e 24 32
e 25 27
e 25 29
e 25 32
e 25 33
e 25 36
e 26 27
e 26 29
e 26 31
e 26 32
e 26 33
e 26 34
e 26 39
e 27 28
e 27 29
e 27 30
e 27 32
e 27 33
e 27 34
e 27 35
e 28 29
e 28 31
e 28 33
e 28 35
e 28 36
e 28 39
e 29 30
e 29 31
e 29 32
e 29 34
e 29 35
e 30 31
e 30 32
e 30 35
e 30 36
e 30 37
e 30 38
e 30 39
e 31 32
e 31 36
e 31 37
e 31 38
e 31 39
e 32 33
e 32 34
e 32 36
e 32 38
e 32 39
e 33 35
e 33 36
e 33 37
e 33 38
e 33 39
e 33 34
e 34 35
e 34 36
e 34 39
e 34 38
e 35 36
e 35 38
e 35 39
e 35 37
e 36 39
e 37 38
e 37 39
cU 1 1 1 1 1 1 1 1 1 1 1 1 1 1 1 1 1 1 1 1 1 1 1 1 1 1 1 1 1 1 1 1 1 1 1 1 1 1 1 1
cL 1 1 1 1 1 1 1 1 1 1 1 1 1 1 1 1 1 1 1 1 1 1 1 1 1 1 1 1 1 1 1 1 1 1 1 1 1 1 1 1
iL 24 24 24 24 24 24 24 24 24 24 24 24 24 24 24 24 24 24 24 24 24 24 24 24 24 24 24 24 24 24 24 24 24 24 24 24 24 24 24 24
bU 24
bL 24