p 40 ws 0.3 0.1 0.1 1.0 0.6
e 0 39
e 0 2
e 0 38
e 0 11
e 0 6
e 0 26
e 0 33
e 1 2
e 1 3
e 2 26
e 2 31
e 3 4
e 3 5
e 4 6
e 4 15
e 5 6
e 5 28
e 6 8
e 7 8
e 7 15
e 8 9
e 8 10
e 9 10
e 9 22
e 10 11
e 10 12
e 11 12
e 11 13
e 12 13
e 12 14
e 12 25
e 13 14
e 13 15
e 14 16
e 14 19
e 15 17
e 15 25
e 16 22
e 16 17
e 17 19
e 17 28
e 18 32
e 18 37
e 19 20
e 19 21
e 19 23
e 20 21
e 20 22
e 21 22
e 21 23
e 22 23
e 22 24
e 23 25
e 23 27
e 23 33
e 24 25
e 24 26
e 24 29
e 25 26
e 26 28
e 27 29
e 28 29
e 28 30
e 29 30
e 30 31
e 30 32
e 30 34
e 31 32
e 31 33
e 31 39
e 32 33
e 32 34
e 33 36
e 34 35
e 35 36
e 35 37
e 36 38
e 37 38
e 37 39
e 38 39
cU 1 1 1 1 1 1 1 1 1 1 1 1 1 1 1 1 1 1 1 1 1 1 1 1 1 1 1 1 1 1 1 1 1 1 1 1 1 1 1 1
cL 1 1 1 1 1 1 1 1 1 1 1 1 1 1 1 1 1 1 1 1 1 1 1 1 1 1 1 1 1 1 1 1 1 1 1 1 1 1 1 1
iL 24 24 24 24 24 24 24 24 24 24 24 24 24 24 24 24 24 24 24 24 24 24 24 24 24 24 24 24 24 24 24 24 24 24 24 24 24 24 24 24
bU 24
bL 24