p 40 ws 0.3 0.2 0.15 1.0 0.6
e 0 1
e 0 39
e 0 38
e 0 3
e 0 37
e 0 4
e 0 36
e 0 12
e 1 2
e 1 3
e 1 39
e 1 4
e 1 38
e 1 5
e 1 37
e 2 3
e 2 4
e 2 5
e 2 39
e 2 6
e 2 38
e 2 9
e 3 5
e 3 6
e 3 7
e 3 39
e 3 16
e 3 31
e 4 5
e 4 6
e 4 7
e 4 8
e 5 6
e 5 7
e 5 8
e 5 9
e 6 7
e 6 8
e 6 9
e 6 10
e 7 8
e 7 9
e 7 10
e 7 11
e 7 31
e 8 10
e 8 11
e 8 12
e 8 27
e 8 28
e 9 10
e 9 11
e 9 13
e 9 30
e 9 20
e 10 11
e 10 12
e 10 14
e 10 26
e 11 12
e 11 14
e 11 15
e 11 19
e 12 13
e 12 14
e 12 16
e 12 32
e 12 27
e 13 14
e 13 15
e 13 16
e 13 17
e 14 15
e 14 16
e 14 17
e 14 18
e 15 16
e 15 17
e 15 18
e 15 19
e 16 17
e 16 18
e 16 19
e 16 20
e 17 18
e 17 19
e 17 20
e 17 21
e 18 20
e 18 22
e 18 36
e 18 34
e 19 20
e 19 21
e 19 22
e 19 23
e 20 21
e 20 22
e 20 23
e 21 22
e 21 23
e 21 24
e 21 25
e 22 24
e 22 25
e 22 26
e 22 38
e 22 35
e 23 24
e 23 25
e 23 26
e 23 27
e 24 25
e 24 26
e 24 27
e 24 30
e 25 26
e 25 28
e 25 29
e 25 34
e 26 27
e 26 28
e 26 29
e 26 30
e 27 28
e 27 29
e 27 30
e 28 30
e 28 31
e 28 37
e 29 30
e 29 31
e 29 32
e 29 33
e 30 31
e 30 32
e 30 34
e 30 36
e 31 32
e 31 35
e 32 33
e 32 34
e 32 35
e 32 36
e 33 34
e 33 35
e 33 36
e 33 37
e 34 35
e 34 36
e 34 37
e 34 38
e 35 36
e 35 37
e 35 38
e 36 38
e 36 39
e 37 38
e 37 39
e 38 39
cU 1 1 1 1 1 1 1 1 1 1 1 1 1 1 1 1 1 1 1 1 1 1 1 1 1 1 1 1 1 1 1 1 1 1 1 1 1 1 1 1
cL 1 1 1 1 1 1 1 1 1 1 1 1 1 1 1 1 1 1 1 1 1 1 1 1 1 1 1 1 1 1 1 1 1 1 1 1 1 1 1 1
iL 24 24 24 24 24 24 24 24 24 24 24 24 24 24 24 24 24 24 24 24 24 24 24 24 24 24 24 24 24 24 24 24 24 24 24 24 24 24 24 24
bU 24
bL 24