p 40 ws 0.3 0.4 0.15 1.0 0.6
e 0 1
e 0 2
e 0 38
e 0 37
e 0 4
e 0 5
e 0 6
e 0 7
e 0 33
e 0 8
e 0 9
e 0 20
e 0 30
e 0 28
e 1 3
e 1 39
e 1 5
e 1 37
e 1 6
e 1 35
e 1 33
e 1 23
e 1 10
e 1 11
e 1 24
e 1 13
e 1 17
e 1 21
e 1 36
e 1 12
e 1 16
e 1 4
e 2 4
e 2 39
e 2 7
e 2 37
e 2 36
e 2 9
e 2 35
e 2 34
e 2 29
e 2 28
e 2 18
e 2 26
e 2 13
e 2 14
e 2 12
e 3 6
e 3 7
e 3 39
e 3 9
e 3 10
e 3 36
e 3 11
e 3 35
e 3 20
e 3 16
e 3 13
e 3 14
e 3 24
e 4 5
e 4 6
e 4 8
e 4 39
e 4 10
e 4 37
e 4 29
e 4 35
e 4 15
e 4 26
e 4 22
e 4 28
e 4 13
e 5 6
e 5 7
e 5 9
e 5 10
e 5 11
e 5 39
e 5 12
e 5 38
e 5 13
e 5 25
e 5 16
e 5 36
e 6 7
e 6 8
e 6 9
e 6 10
e 6 11
e 6 13
e 6 39
e 6 38
e 6 34
e 6 18
e 6 29
e 6 37
e 6 17
e 6 32
e 6 30
e 7 8
e 7 9
e 7 10
e 7 11
e 7 14
e 7 15
e 7 39
e 7 31
e 7 26
e 7 24
e 7 25
e 8 9
e 8 10
e 8 11
e 8 12
e 8 14
e 8 16
e 8 20
e 8 31
e 8 38
e 8 24
e 9 10
e 9 12
e 9 13
e 9 14
e 9 15
e 9 16
e 9 17
e 9 24
e 9 32
e 9 22
e 9 38
e 9 25
e 9 36
e 9 34
e 9 21
e 9 27
e 10 12
e 10 13
e 10 14
e 10 15
e 10 16
e 10 17
e 10 38
e 10 32
e 11 12
e 11 14
e 11 15
e 11 17
e 11 18
e 11 19
e 11 31
e 12 13
e 12 14
e 12 16
e 12 18
e 12 19
e 12 20
e 12 28
e 12 21
e 13 14
e 13 16
e 13 17
e 13 21
e 13 29
e 13 30
e 13 32
e 13 34
e 13 18
e 13 24
e 13 19
e 14 16
e 14 17
e 14 18
e 14 19
e 14 20
e 14 32
e 14 35
e 14 37
e 14 38
e 15 16
e 15 20
e 15 22
e 15 23
e 15 30
e 15 37
e 15 24
e 15 34
e 15 19
e 15 26
e 16 18
e 16 20
e 16 21
e 16 22
e 16 24
e 16 36
e 16 33
e 16 35
e 16 27
e 16 31
e 16 19
e 17 18
e 17 21
e 17 22
e 17 25
e 17 31
e 17 37
e 17 19
e 17 28
e 17 29
e 18 19
e 18 21
e 18 22
e 18 26
e 18 37
e 18 39
e 18 29
e 18 38
e 18 24
e 18 30
e 19 21
e 19 23
e 19 25
e 19 27
e 19 34
e 19 31
e 20 22
e 20 25
e 20 27
e 20 28
e 20 29
e 20 36
e 20 33
e 20 24
e 21 22
e 21 23
e 21 25
e 21 27
e 21 37
e 21 34
e 21 33
e 22 23
e 22 25
e 22 28
e 22 29
e 22 30
e 22 24
e 22 39
e 22 38
e 22 32
e 22 37
e 23 24
e 23 25
e 23 26
e 23 27
e 23 28
e 23 30
e 23 31
e 23 36
e 23 35
e 24 28
e 24 29
e 24 32
e 24 34
e 25 26
e 25 28
e 25 30
e 25 31
e 25 39
e 25 37
e 26 27
e 26 28
e 26 29
e 26 30
e 26 32
e 26 35
e 26 37
e 27 28
e 27 29
e 27 30
e 27 31
e 27 33
e 27 34
e 28 29
e 28 30
e 28 31
e 28 33
e 28 34
e 28 36
e 29 30
e 29 32
e 29 37
e 29 39
e 29 33
e 30 32
e 30 35
e 30 36
e 30 37
e 30 33
e 31 33
e 31 35
e 31 36
e 31 38
e 31 39
e 32 34
e 32 35
e 32 36
e 32 38
e 33 34
e 33 35
e 33 37
e 33 39
e 34 35
e 34 37
e 34 39
e 34 38
e 35 37
e 35 38
e 36 37
e 36 39
cU 1 1 1 1 1 1 1 1 1 1 1 1 1 1 1 1 1 1 1 1 1 1 1 1 1 1 1 1 1 1 1 1 1 1 1 1 1 1 1 1
cL 1 1 1 1 1 1 1 1 1 1 1 1 1 1 1 1 1 1 1 1 1 1 1 1 1 1 1 1 1 1 1 1 1 1 1 1 1 1 1 1
iL 24 24 24 24 24 24 24 24 24 24 24 24 24 24 24 24 24 24 24 24 24 24 24 24 24 24 24 24 24 24 24 24 24 24 24 24 24 24 24 24
bU 24
bL 24