p 40 ws 0.3 0.1 0.1 1.0 0.6
e 0 1
e 0 39
e 0 38
e 0 29
e 1 3
e 1 39
e 1 23
e 1 18
e 2 3
e 2 4
e 2 19
e 3 4
e 3 5
e 3 37
e 4 5
e 4 6
e 5 6
e 5 7
e 6 7
e 6 26
e 7 8
e 7 9
e 7 18
e 8 10
e 8 25
e 9 10
e 9 11
e 10 11
e 10 12
e 10 28
e 11 12
e 11 19
e 12 14
e 12 29
e 12 27
e 12 30
e 13 15
e 13 18
e 13 33
e 14 15
e 14 16
e 15 16
e 15 17
e 15 19
e 16 18
e 16 19
e 17 28
e 17 38
e 19 30
e 20 21
e 20 22
e 21 22
e 21 23
e 22 23
e 22 24
e 23 24
e 23 25
e 24 26
e 24 36
e 25 27
e 25 29
e 26 27
e 26 28
e 26 32
e 27 29
e 28 29
e 29 30
e 29 31
e 31 32
e 31 33
e 32 34
e 33 35
e 34 35
e 34 36
e 35 36
e 35 37
e 36 37
e 36 38
e 37 38
e 38 39
cU 1 1 1 1 1 1 1 1 1 1 1 1 1 1 1 1 1 1 1 1 1 1 1 1 1 1 1 1 1 1 1 1 1 1 1 1 1 1 1 1
cL 1 1 1 1 1 1 1 1 1 1 1 1 1 1 1 1 1 1 1 1 1 1 1 1 1 1 1 1 1 1 1 1 1 1 1 1 1 1 1 1
iL 24 24 24 24 24 24 24 24 24 24 24 24 24 24 24 24 24 24 24 24 24 24 24 24 24 24 24 24 24 24 24 24 24 24 24 24 24 24 24 24
bU 24
bL 24