p 40 ws 0.3 0.15 0.1 1.0 0.6
e 0 1
e 0 13
e 0 16
e 0 10
e 0 14
e 1 3
e 1 39
e 1 4
e 1 38
e 1 5
e 2 4
e 2 5
e 2 39
e 2 23
e 2 20
e 2 35
e 3 37
e 3 8
e 3 19
e 3 14
e 3 36
e 4 6
e 4 17
e 4 5
e 4 32
e 5 6
e 5 7
e 5 36
e 5 13
e 5 8
e 6 8
e 6 9
e 6 23
e 6 21
e 6 22
e 7 17
e 7 24
e 7 27
e 7 34
e 8 10
e 8 29
e 8 34
e 9 10
e 9 11
e 9 32
e 9 17
e 9 27
e 9 29
e 10 11
e 10 15
e 11 12
e 11 39
e 11 30
e 12 15
e 12 32
e 12 29
e 12 26
e 12 21
e 13 16
e 13 34
e 14 15
e 14 23
e 14 32
e 14 18
e 15 16
e 15 18
e 15 30
e 15 31
e 16 17
e 16 18
e 16 19
e 17 19
e 17 26
e 17 28
e 17 21
e 18 19
e 18 21
e 19 20
e 19 21
e 19 32
e 20 22
e 20 23
e 21 32
e 21 37
e 22 23
e 22 24
e 22 39
e 22 26
e 23 25
e 23 26
e 23 31
e 24 26
e 24 39
e 25 27
e 25 28
e 25 33
e 26 27
e 27 28
e 27 29
e 28 30
e 28 31
e 29 30
e 29 31
e 29 34
e 30 31
e 30 32
e 30 33
e 31 32
e 31 33
e 32 33
e 32 38
e 33 34
e 33 35
e 34 36
e 35 36
e 35 38
e 36 38
e 37 38
e 37 39
e 38 39
cU 1 1 1 1 1 1 1 1 1 1 1 1 1 1 1 1 1 1 1 1 1 1 1 1 1 1 1 1 1 1 1 1 1 1 1 1 1 1 1 1
cL 1 1 1 1 1 1 1 1 1 1 1 1 1 1 1 1 1 1 1 1 1 1 1 1 1 1 1 1 1 1 1 1 1 1 1 1 1 1 1 1
iL 24 24 24 24 24 24 24 24 24 24 24 24 24 24 24 24 24 24 24 24 24 24 24 24 24 24 24 24 24 24 24 24 24 24 24 24 24 24 24 24
bU 24
bL 24