p 40 ws 0.3 0.2 0.15 1.0 0.6
e 0 2
e 0 38
e 0 3
e 0 37
e 0 4
e 0 12
e 0 25
e 1 2
e 1 3
e 1 39
e 1 38
e 1 37
e 1 10
e 1 4
e 1 13
e 1 21
e 2 3
e 2 5
e 2 39
e 2 6
e 2 38
e 2 22
e 2 37
e 2 26
e 3 4
e 3 5
e 3 6
e 3 8
e 3 15
e 4 5
e 4 6
e 4 8
e 4 32
e 4 9
e 5 6
e 5 7
e 5 12
e 5 20
e 5 35
e 5 31
e 5 19
e 6 7
e 6 8
e 6 16
e 6 19
e 6 18
e 6 25
e 6 27
e 6 36
e 7 37
e 7 23
e 7 29
e 7 18
e 7 27
e 7 14
e 7 30
e 7 39
e 8 9
e 8 11
e 8 36
e 8 20
e 9 11
e 9 26
e 9 21
e 9 35
e 10 11
e 10 12
e 10 30
e 10 13
e 11 12
e 11 15
e 11 19
e 11 25
e 12 14
e 12 15
e 12 23
e 12 24
e 12 32
e 13 14
e 13 15
e 13 16
e 13 17
e 13 30
e 14 16
e 14 18
e 14 23
e 15 16
e 15 17
e 15 22
e 15 21
e 16 17
e 16 39
e 16 37
e 16 35
e 17 18
e 17 20
e 17 21
e 17 33
e 18 19
e 18 20
e 18 21
e 18 22
e 19 20
e 19 22
e 19 36
e 19 38
e 20 22
e 20 23
e 20 24
e 20 36
e 20 29
e 21 22
e 21 23
e 21 24
e 22 25
e 22 26
e 22 34
e 23 27
e 23 37
e 24 25
e 24 27
e 24 28
e 24 39
e 25 27
e 25 28
e 25 29
e 25 26
e 26 27
e 26 28
e 27 28
e 27 35
e 27 33
e 28 29
e 28 31
e 28 32
e 28 35
e 29 32
e 29 33
e 30 31
e 30 34
e 31 32
e 31 33
e 31 34
e 31 35
e 31 37
e 32 34
e 32 35
e 32 36
e 33 34
e 33 35
e 33 36
e 33 37
e 34 35
e 34 36
e 34 37
e 34 38
e 35 37
e 35 39
e 36 38
e 38 39
cU 1 1 1 1 1 1 1 1 1 1 1 1 1 1 1 1 1 1 1 1 1 1 1 1 1 1 1 1 1 1 1 1 1 1 1 1 1 1 1 1
cL 1 1 1 1 1 1 1 1 1 1 1 1 1 1 1 1 1 1 1 1 1 1 1 1 1 1 1 1 1 1 1 1 1 1 1 1 1 1 1 1
iL 24 24 24 24 24 24 24 24 24 24 24 24 24 24 24 24 24 24 24 24 24 24 24 24 24 24 24 24 24 24 24 24 24 24 24 24 24 24 24 24
bU 24
bL 24