p 40 ws 0.3 0.2 0.15 1.0 0.6
e 0 39
e 0 36
e 0 24
e 0 5
e 0 26
e 0 25
e 0 14
e 1 2
e 1 3
e 1 39
e 1 4
e 1 5
e 1 37
e 1 23
e 2 3
e 2 4
e 2 5
e 2 39
e 2 6
e 2 38
e 2 13
e 2 37
e 2 23
e 3 4
e 3 7
e 3 39
e 3 10
e 3 13
e 3 22
e 4 5
e 4 8
e 4 33
e 4 18
e 4 34
e 4 36
e 5 7
e 5 8
e 5 9
e 5 33
e 5 36
e 5 12
e 5 25
e 5 38
e 5 6
e 6 8
e 6 9
e 6 24
e 6 7
e 6 37
e 6 30
e 7 9
e 7 10
e 7 11
e 8 9
e 8 10
e 8 12
e 8 23
e 8 29
e 9 10
e 9 12
e 9 13
e 9 36
e 10 12
e 10 14
e 10 16
e 10 22
e 10 28
e 11 12
e 11 15
e 11 37
e 11 23
e 12 14
e 12 36
e 12 34
e 12 32
e 13 14
e 13 15
e 13 34
e 13 28
e 13 30
e 14 15
e 14 16
e 14 17
e 14 18
e 14 27
e 15 16
e 15 17
e 15 19
e 15 35
e 15 21
e 16 17
e 16 18
e 16 19
e 16 20
e 16 32
e 17 18
e 17 19
e 17 20
e 17 21
e 18 19
e 18 21
e 18 22
e 19 20
e 19 21
e 19 22
e 19 23
e 19 35
e 20 21
e 20 22
e 20 38
e 20 28
e 20 27
e 21 23
e 21 24
e 21 36
e 22 23
e 22 24
e 22 25
e 22 34
e 22 38
e 23 26
e 24 26
e 24 27
e 24 28
e 24 33
e 25 26
e 25 27
e 25 29
e 26 27
e 26 28
e 26 29
e 26 30
e 27 29
e 27 37
e 27 32
e 28 29
e 28 30
e 28 34
e 29 30
e 29 31
e 29 32
e 29 34
e 30 31
e 30 33
e 30 35
e 31 32
e 31 33
e 31 34
e 31 35
e 32 34
e 32 35
e 33 35
e 33 36
e 33 37
e 34 38
e 35 36
e 35 38
e 36 37
e 37 39
e 38 39
cU 1 1 1 1 1 1 1 1 1 1 1 1 1 1 1 1 1 1 1 1 1 1 1 1 1 1 1 1 1 1 1 1 1 1 1 1 1 1 1 1
cL 1 1 1 1 1 1 1 1 1 1 1 1 1 1 1 1 1 1 1 1 1 1 1 1 1 1 1 1 1 1 1 1 1 1 1 1 1 1 1 1
iL 24 24 24 24 24 24 24 24 24 24 24 24 24 24 24 24 24 24 24 24 24 24 24 24 24 24 24 24 24 24 24 24 24 24 24 24 24 24 24 24
bU 24
bL 24