p 40 ws 0.3 0.4 0.15 1.0 0.6
e 0 1
e 0 39
e 0 38
e 0 3
e 0 4
e 0 35
e 0 6
e 0 34
e 0 7
e 0 33
e 0 8
e 0 31
e 0 29
e 0 12
e 0 26
e 0 2
e 0 25
e 1 39
e 1 4
e 1 38
e 1 37
e 1 6
e 1 36
e 1 7
e 1 35
e 1 8
e 1 9
e 1 10
e 1 15
e 1 14
e 1 31
e 2 3
e 2 5
e 2 6
e 2 38
e 2 7
e 2 37
e 2 8
e 2 9
e 2 35
e 2 17
e 2 4
e 2 19
e 2 16
e 2 21
e 3 4
e 3 5
e 3 6
e 3 38
e 3 37
e 3 10
e 3 36
e 3 11
e 3 35
e 3 30
e 3 23
e 3 26
e 3 33
e 3 13
e 4 5
e 4 7
e 4 8
e 4 39
e 4 10
e 4 38
e 4 37
e 4 12
e 4 36
e 4 15
e 4 18
e 4 35
e 5 7
e 5 8
e 5 9
e 5 10
e 5 39
e 5 38
e 5 13
e 5 37
e 5 14
e 5 30
e 5 11
e 6 7
e 6 8
e 6 13
e 6 39
e 6 14
e 6 38
e 6 37
e 6 35
e 6 17
e 6 25
e 6 16
e 6 18
e 6 36
e 6 9
e 7 8
e 7 9
e 7 11
e 7 12
e 7 14
e 7 15
e 7 39
e 7 25
e 7 33
e 7 32
e 7 27
e 8 9
e 8 10
e 8 11
e 8 12
e 8 13
e 8 16
e 8 22
e 8 26
e 8 19
e 8 32
e 9 11
e 9 12
e 9 14
e 9 18
e 9 19
e 9 30
e 9 25
e 9 39
e 10 11
e 10 13
e 10 14
e 10 15
e 10 17
e 10 18
e 10 34
e 10 32
e 10 12
e 11 12
e 11 13
e 11 14
e 11 15
e 11 16
e 11 17
e 11 31
e 11 34
e 11 35
e 12 14
e 12 15
e 12 16
e 12 18
e 12 19
e 12 20
e 12 33
e 12 38
e 13 14
e 13 17
e 13 18
e 13 20
e 13 21
e 13 31
e 13 22
e 13 30
e 13 34
e 14 15
e 14 17
e 14 19
e 14 21
e 14 22
e 14 28
e 14 39
e 14 30
e 14 33
e 15 17
e 15 18
e 15 19
e 15 20
e 15 21
e 15 22
e 15 37
e 15 28
e 16 17
e 16 18
e 16 19
e 16 21
e 16 22
e 16 23
e 16 24
e 16 27
e 17 18
e 17 19
e 17 20
e 17 24
e 17 25
e 17 30
e 17 36
e 17 29
e 17 22
e 18 19
e 18 20
e 18 21
e 18 22
e 18 23
e 18 26
e 18 29
e 18 24
e 19 20
e 19 22
e 19 23
e 19 24
e 19 25
e 19 26
e 19 27
e 19 33
e 19 39
e 19 28
e 20 21
e 20 22
e 20 23
e 20 24
e 20 25
e 20 26
e 20 27
e 20 28
e 20 37
e 21 22
e 21 23
e 21 26
e 21 28
e 21 29
e 21 30
e 21 39
e 22 23
e 22 25
e 22 26
e 22 27
e 22 28
e 22 29
e 22 30
e 23 24
e 23 26
e 23 27
e 23 28
e 23 29
e 23 30
e 23 31
e 23 33
e 24 25
e 24 26
e 24 27
e 24 28
e 24 29
e 24 30
e 24 31
e 24 32
e 24 33
e 25 27
e 25 28
e 25 29
e 25 30
e 25 31
e 25 35
e 25 26
e 26 28
e 26 29
e 26 30
e 26 35
e 26 38
e 26 33
e 26 34
e 27 28
e 27 30
e 27 31
e 27 32
e 27 34
e 27 35
e 28 30
e 28 31
e 28 32
e 28 33
e 28 34
e 28 36
e 29 30
e 29 31
e 29 32
e 29 33
e 29 34
e 29 36
e 29 37
e 30 32
e 30 33
e 30 35
e 30 36
e 30 37
e 30 38
e 31 32
e 31 33
e 31 34
e 31 35
e 31 36
e 31 37
e 31 38
e 31 39
e 32 33
e 32 35
e 32 36
e 32 37
e 32 38
e 32 39
e 32 34
e 33 34
e 33 38
e 33 39
e 34 35
e 34 36
e 34 38
e 34 39
e 35 36
e 35 37
e 35 39
e 36 37
e 36 38
e 36 39
e 37 38
cU 1 1 1 1 1 1 1 1 1 1 1 1 1 1 1 1 1 1 1 1 1 1 1 1 1 1 1 1 1 1 1 1 1 1 1 1 1 1 1 1
cL 1 1 1 1 1 1 1 1 1 1 1 1 1 1 1 1 1 1 1 1 1 1 1 1 1 1 1 1 1 1 1 1 1 1 1 1 1 1 1 1
iL 24 24 24 24 24 24 24 24 24 24 24 24 24 24 24 24 24 24 24 24 24 24 24 24 24 24 24 24 24 24 24 24 24 24 24 24 24 24 24 24
bU 24
bL 24