p 40 ws 0.3 0.15 0.1 1.0 0.6
e 0 1
e 0 39
e 0 38
e 0 37
e 0 36
e 0 15
e 1 3
e 1 4
e 1 38
e 1 23
e 1 29
e 1 16
e 1 36
e 1 20
e 2 3
e 2 4
e 2 39
e 2 14
e 2 6
e 2 16
e 3 7
e 3 38
e 3 21
e 3 19
e 3 26
e 4 16
e 4 10
e 4 28
e 5 6
e 5 7
e 5 8
e 5 13
e 6 7
e 6 14
e 7 38
e 7 27
e 7 14
e 8 9
e 8 10
e 8 11
e 9 10
e 9 39
e 9 37
e 10 11
e 10 12
e 10 13
e 11 12
e 11 14
e 11 30
e 11 13
e 11 19
e 12 13
e 12 14
e 12 15
e 13 16
e 13 27
e 14 15
e 14 17
e 14 29
e 15 16
e 15 17
e 15 22
e 16 17
e 17 18
e 17 20
e 17 22
e 18 20
e 18 21
e 18 25
e 19 34
e 19 30
e 20 32
e 20 35
e 21 22
e 21 23
e 21 39
e 22 23
e 22 24
e 22 25
e 23 24
e 23 25
e 23 28
e 24 25
e 24 26
e 24 27
e 24 37
e 24 39
e 25 26
e 25 27
e 25 28
e 25 29
e 26 27
e 26 28
e 27 29
e 27 30
e 28 29
e 28 30
e 28 31
e 28 32
e 29 31
e 30 31
e 30 32
e 30 33
e 31 34
e 31 39
e 31 35
e 32 33
e 32 34
e 33 34
e 33 35
e 33 36
e 34 35
e 34 36
e 34 37
e 35 36
e 35 37
e 35 38
e 36 37
e 36 39
e 37 39
cU 1 1 1 1 1 1 1 1 1 1 1 1 1 1 1 1 1 1 1 1 1 1 1 1 1 1 1 1 1 1 1 1 1 1 1 1 1 1 1 1
cL 1 1 1 1 1 1 1 1 1 1 1 1 1 1 1 1 1 1 1 1 1 1 1 1 1 1 1 1 1 1 1 1 1 1 1 1 1 1 1 1
iL 24 24 24 24 24 24 24 24 24 24 24 24 24 24 24 24 24 24 24 24 24 24 24 24 24 24 24 24 24 24 24 24 24 24 24 24 24 24 24 24
bU 24
bL 24