p 40 ws 0.3 0.1 0.1 1.0 0.6
e 0 2
e 0 36
e 0 27
e 0 35
e 1 3
e 1 39
e 1 16
e 2 3
e 2 4
e 2 10
e 2 18
e 2 25
e 3 4
e 3 5
e 3 16
e 3 21
e 4 5
e 4 11
e 4 38
e 4 30
e 5 32
e 5 36
e 6 26
e 6 17
e 7 8
e 7 9
e 7 13
e 8 9
e 8 14
e 8 38
e 8 21
e 9 10
e 9 11
e 9 39
e 10 22
e 10 38
e 11 21
e 11 28
e 12 13
e 12 24
e 13 28
e 14 16
e 15 16
e 15 17
e 15 22
e 15 33
e 16 31
e 16 34
e 16 37
e 17 18
e 17 19
e 18 33
e 19 20
e 19 21
e 20 22
e 20 38
e 20 31
e 23 24
e 23 25
e 24 25
e 24 26
e 25 27
e 26 27
e 26 34
e 27 28
e 28 36
e 29 30
e 29 31
e 30 31
e 31 36
e 32 34
e 32 36
e 32 35
e 32 37
e 33 34
e 34 35
e 34 38
e 36 37
e 36 38
e 38 39
cU 1 1 1 1 1 1 1 1 1 1 1 1 1 1 1 1 1 1 1 1 1 1 1 1 1 1 1 1 1 1 1 1 1 1 1 1 1 1 1 1
cL 1 1 1 1 1 1 1 1 1 1 1 1 1 1 1 1 1 1 1 1 1 1 1 1 1 1 1 1 1 1 1 1 1 1 1 1 1 1 1 1
iL 24 24 24 24 24 24 24 24 24 24 24 24 24 24 24 24 24 24 24 24 24 24 24 24 24 24 24 24 24 24 24 24 24 24 24 24 24 24 24 24
bU 24
bL 24