p 40 ws 0.3 0.1 0.1 1.0 0.6
e 0 1
e 0 39
e 0 8
e 1 2
e 1 3
e 1 39
e 1 24
e 2 3
e 2 9
e 2 26
e 3 4
e 3 31
e 4 37
e 4 29
e 4 38
e 5 6
e 5 7
e 6 8
e 6 23
e 7 24
e 7 19
e 7 11
e 8 9
e 8 29
e 9 10
e 9 11
e 9 14
e 10 11
e 10 12
e 11 12
e 11 33
e 12 13
e 12 14
e 12 35
e 13 14
e 13 15
e 13 17
e 14 15
e 15 16
e 15 17
e 16 17
e 16 18
e 16 36
e 17 19
e 18 19
e 18 20
e 19 20
e 19 21
e 19 38
e 20 22
e 20 33
e 21 22
e 21 23
e 21 25
e 21 34
e 22 23
e 22 24
e 23 24
e 23 31
e 24 26
e 25 27
e 26 27
e 27 28
e 27 29
e 27 31
e 28 29
e 28 30
e 28 35
e 29 39
e 30 31
e 30 32
e 31 32
e 32 33
e 32 34
e 33 34
e 34 35
e 36 37
e 36 38
e 37 38
e 37 39
cU 1 1 1 1 1 1 1 1 1 1 1 1 1 1 1 1 1 1 1 1 1 1 1 1 1 1 1 1 1 1 1 1 1 1 1 1 1 1 1 1
cL 1 1 1 1 1 1 1 1 1 1 1 1 1 1 1 1 1 1 1 1 1 1 1 1 1 1 1 1 1 1 1 1 1 1 1 1 1 1 1 1
iL 24 24 24 24 24 24 24 24 24 24 24 24 24 24 24 24 24 24 24 24 24 24 24 24 24 24 24 24 24 24 24 24 24 24 24 24 24 24 24 24
bU 24
bL 24