p 40 ws 0.3 0.2 0.15 1.0 0.6
e 0 1
e 0 39
e 0 38
e 0 3
e 0 4
e 0 36
e 0 35
e 1 3
e 1 39
e 1 4
e 1 38
e 1 5
e 1 37
e 1 16
e 1 32
e 2 3
e 2 4
e 2 5
e 2 39
e 2 6
e 2 38
e 2 14
e 2 18
e 3 4
e 3 5
e 3 6
e 3 7
e 3 38
e 3 32
e 4 5
e 4 6
e 4 7
e 4 8
e 5 6
e 5 7
e 5 9
e 5 18
e 5 17
e 6 7
e 6 8
e 6 9
e 6 26
e 6 28
e 7 9
e 7 10
e 7 13
e 7 25
e 7 12
e 7 33
e 8 9
e 8 10
e 8 11
e 8 21
e 8 31
e 9 10
e 9 12
e 9 13
e 9 23
e 10 11
e 10 12
e 10 13
e 10 33
e 10 30
e 10 34
e 10 37
e 10 36
e 11 13
e 11 14
e 11 15
e 11 27
e 11 16
e 12 15
e 12 33
e 12 35
e 12 24
e 12 39
e 13 15
e 13 16
e 13 17
e 13 22
e 14 16
e 14 18
e 14 31
e 14 25
e 15 16
e 15 17
e 15 18
e 15 23
e 16 18
e 16 19
e 16 20
e 17 18
e 17 19
e 17 20
e 17 25
e 18 21
e 18 28
e 19 20
e 19 23
e 19 33
e 19 31
e 19 36
e 20 21
e 20 22
e 20 23
e 20 24
e 21 22
e 21 23
e 21 25
e 22 23
e 22 24
e 22 25
e 22 26
e 23 24
e 23 25
e 23 26
e 23 27
e 24 25
e 24 26
e 24 27
e 24 28
e 25 27
e 25 29
e 26 27
e 26 28
e 26 30
e 27 28
e 27 29
e 27 30
e 27 31
e 27 32
e 28 29
e 28 30
e 28 31
e 28 32
e 29 30
e 29 31
e 29 32
e 29 33
e 30 31
e 30 32
e 30 34
e 31 32
e 31 33
e 31 34
e 31 35
e 32 35
e 33 34
e 33 36
e 33 37
e 34 35
e 34 36
e 34 38
e 35 36
e 35 38
e 35 39
e 36 37
e 36 38
e 37 38
e 37 39
cU 1 1 1 1 1 1 1 1 1 1 1 1 1 1 1 1 1 1 1 1 1 1 1 1 1 1 1 1 1 1 1 1 1 1 1 1 1 1 1 1
cL 1 1 1 1 1 1 1 1 1 1 1 1 1 1 1 1 1 1 1 1 1 1 1 1 1 1 1 1 1 1 1 1 1 1 1 1 1 1 1 1
iL 24 24 24 24 24 24 24 24 24 24 24 24 24 24 24 24 24 24 24 24 24 24 24 24 24 24 24 24 24 24 24 24 24 24 24 24 24 24 24 24
bU 24
bL 24