p 40 ws 0.3 0.15 0.1 1.0 0.6
e 0 1
e 0 39
e 0 37
e 0 21
e 0 22
e 0 13
e 1 39
e 1 4
e 1 38
e 1 14
e 1 35
e 1 32
e 1 36
e 2 3
e 2 4
e 2 37
e 2 15
e 3 4
e 3 5
e 3 6
e 3 38
e 4 5
e 4 6
e 4 22
e 4 23
e 5 6
e 5 7
e 5 8
e 5 21
e 5 24
e 6 7
e 6 8
e 6 14
e 7 8
e 7 10
e 7 27
e 8 9
e 8 10
e 8 11
e 8 32
e 8 12
e 9 10
e 9 12
e 9 25
e 9 26
e 10 11
e 10 12
e 10 13
e 10 22
e 11 12
e 11 13
e 11 14
e 12 13
e 12 14
e 12 20
e 13 14
e 13 15
e 13 16
e 14 15
e 14 16
e 14 17
e 15 17
e 15 28
e 15 16
e 16 17
e 16 18
e 16 19
e 17 19
e 17 20
e 17 24
e 18 19
e 18 21
e 18 23
e 18 36
e 18 30
e 19 20
e 19 21
e 19 26
e 20 22
e 20 23
e 21 22
e 21 24
e 21 27
e 21 36
e 22 23
e 23 25
e 24 25
e 24 27
e 25 26
e 25 27
e 25 28
e 26 27
e 26 28
e 27 28
e 27 29
e 28 31
e 28 39
e 28 33
e 29 30
e 29 31
e 29 32
e 30 31
e 30 32
e 30 33
e 31 32
e 31 33
e 31 34
e 32 35
e 33 34
e 33 35
e 33 36
e 34 35
e 34 36
e 34 37
e 35 36
e 35 37
e 35 38
e 36 39
e 37 38
e 38 39
cU 1 1 1 1 1 1 1 1 1 1 1 1 1 1 1 1 1 1 1 1 1 1 1 1 1 1 1 1 1 1 1 1 1 1 1 1 1 1 1 1
cL 1 1 1 1 1 1 1 1 1 1 1 1 1 1 1 1 1 1 1 1 1 1 1 1 1 1 1 1 1 1 1 1 1 1 1 1 1 1 1 1
iL 24 24 24 24 24 24 24 24 24 24 24 24 24 24 24 24 24 24 24 24 24 24 24 24 24 24 24 24 24 24 24 24 24 24 24 24 24 24 24 24
bU 24
bL 24