p 40 ws 0.3 0.1 0.1 1.0 0.6
e 0 2
e 0 38
e 0 21
e 1 3
e 1 39
e 1 23
e 1 29
e 2 3
e 2 4
e 2 13
e 3 4
e 3 13
e 4 6
e 4 31
e 4 36
e 5 6
e 5 12
e 6 7
e 6 37
e 7 8
e 7 9
e 7 24
e 8 30
e 8 16
e 9 10
e 9 11
e 9 35
e 10 11
e 10 36
e 11 12
e 11 14
e 12 13
e 12 14
e 12 37
e 13 15
e 14 15
e 14 16
e 14 18
e 15 16
e 15 31
e 15 24
e 16 17
e 16 22
e 17 18
e 17 19
e 17 28
e 17 33
e 18 39
e 19 20
e 19 21
e 19 29
e 20 22
e 20 29
e 20 31
e 21 23
e 21 28
e 21 39
e 22 23
e 22 24
e 23 24
e 23 25
e 24 33
e 25 27
e 25 35
e 25 31
e 26 27
e 26 28
e 27 29
e 27 31
e 27 37
e 28 30
e 30 32
e 30 34
e 32 33
e 32 34
e 34 35
e 34 36
e 35 36
e 36 38
e 38 39
cU 1 1 1 1 1 1 1 1 1 1 1 1 1 1 1 1 1 1 1 1 1 1 1 1 1 1 1 1 1 1 1 1 1 1 1 1 1 1 1 1
cL 1 1 1 1 1 1 1 1 1 1 1 1 1 1 1 1 1 1 1 1 1 1 1 1 1 1 1 1 1 1 1 1 1 1 1 1 1 1 1 1
iL 24 24 24 24 24 24 24 24 24 24 24 24 24 24 24 24 24 24 24 24 24 24 24 24 24 24 24 24 24 24 24 24 24 24 24 24 24 24 24 24
bU 24
bL 24