p 40 ws 0.3 0.4 0.15 1.0 0.6
e 0 1
e 0 3
e 0 37
e 0 36
e 0 5
e 0 35
e 0 34
e 0 33
e 0 32
e 0 10
e 0 14
e 0 26
e 0 17
e 0 28
e 0 30
e 0 18
e 0 9
e 1 2
e 1 3
e 1 39
e 1 38
e 1 5
e 1 37
e 1 36
e 1 7
e 1 8
e 1 34
e 1 13
e 1 15
e 1 28
e 2 5
e 2 6
e 2 38
e 2 7
e 2 8
e 2 36
e 2 9
e 2 35
e 2 19
e 2 32
e 2 28
e 2 22
e 2 37
e 2 27
e 3 6
e 3 39
e 3 8
e 3 38
e 3 9
e 3 10
e 3 34
e 3 32
e 3 31
e 3 27
e 3 21
e 3 28
e 3 25
e 4 5
e 4 6
e 4 7
e 4 8
e 4 9
e 4 39
e 4 10
e 4 38
e 4 11
e 4 37
e 4 12
e 4 36
e 4 26
e 4 27
e 5 7
e 5 8
e 5 10
e 5 11
e 5 39
e 5 37
e 5 29
e 5 23
e 5 19
e 5 6
e 5 28
e 5 33
e 5 14
e 5 18
e 5 9
e 6 7
e 6 8
e 6 9
e 6 11
e 6 12
e 6 13
e 6 39
e 6 20
e 6 37
e 6 23
e 7 8
e 7 9
e 7 11
e 7 13
e 7 14
e 7 15
e 7 39
e 7 21
e 7 33
e 7 10
e 7 22
e 7 25
e 7 16
e 7 35
e 8 11
e 8 13
e 8 14
e 8 15
e 8 29
e 8 24
e 8 38
e 8 19
e 8 22
e 8 9
e 8 31
e 8 10
e 8 20
e 9 11
e 9 14
e 9 15
e 9 37
e 9 22
e 9 36
e 10 12
e 10 13
e 10 14
e 10 15
e 10 16
e 10 22
e 10 38
e 10 29
e 11 12
e 11 13
e 11 15
e 11 16
e 11 17
e 11 18
e 11 19
e 11 25
e 11 22
e 11 33
e 11 34
e 12 14
e 12 16
e 12 17
e 12 18
e 12 19
e 12 20
e 12 28
e 12 36
e 12 15
e 12 35
e 12 21
e 12 33
e 13 14
e 13 20
e 13 21
e 13 39
e 13 26
e 13 23
e 13 30
e 13 24
e 13 29
e 13 28
e 14 15
e 14 17
e 14 18
e 14 19
e 14 20
e 14 21
e 14 38
e 14 30
e 15 16
e 15 20
e 15 22
e 15 23
e 15 35
e 15 29
e 15 17
e 15 38
e 16 17
e 16 18
e 16 19
e 16 20
e 16 21
e 16 22
e 16 24
e 16 39
e 16 32
e 17 18
e 17 21
e 17 23
e 17 25
e 17 27
e 17 30
e 17 33
e 17 20
e 17 36
e 18 19
e 18 20
e 18 21
e 18 23
e 18 24
e 18 25
e 18 37
e 18 30
e 19 20
e 19 21
e 19 23
e 19 25
e 19 39
e 19 22
e 19 35
e 20 21
e 20 22
e 20 23
e 20 24
e 20 25
e 20 26
e 20 34
e 20 38
e 21 23
e 21 24
e 21 25
e 21 26
e 21 29
e 22 23
e 22 25
e 22 29
e 22 34
e 22 32
e 22 38
e 23 24
e 23 28
e 23 29
e 23 31
e 23 37
e 23 33
e 23 35
e 24 26
e 24 27
e 24 29
e 24 30
e 24 32
e 24 34
e 25 27
e 25 30
e 25 32
e 25 33
e 25 38
e 25 28
e 25 26
e 26 29
e 26 30
e 26 31
e 26 32
e 26 34
e 27 29
e 27 31
e 27 33
e 27 34
e 27 35
e 27 38
e 28 29
e 28 31
e 28 32
e 28 34
e 28 36
e 29 30
e 29 31
e 29 32
e 29 33
e 29 34
e 29 35
e 29 36
e 29 37
e 30 32
e 30 33
e 30 34
e 30 35
e 30 36
e 30 37
e 30 38
e 30 39
e 31 32
e 31 33
e 31 34
e 31 35
e 31 36
e 31 37
e 31 38
e 31 39
e 32 33
e 32 34
e 32 35
e 32 37
e 32 38
e 33 34
e 33 35
e 33 36
e 33 39
e 34 35
e 34 36
e 34 37
e 34 39
e 35 37
e 35 38
e 35 39
e 35 36
e 36 37
e 36 38
e 36 39
e 37 38
e 37 39
cU 1 1 1 1 1 1 1 1 1 1 1 1 1 1 1 1 1 1 1 1 1 1 1 1 1 1 1 1 1 1 1 1 1 1 1 1 1 1 1 1
cL 1 1 1 1 1 1 1 1 1 1 1 1 1 1 1 1 1 1 1 1 1 1 1 1 1 1 1 1 1 1 1 1 1 1 1 1 1 1 1 1
iL 24 24 24 24 24 24 24 24 24 24 24 24 24 24 24 24 24 24 24 24 24 24 24 24 24 24 24 24 24 24 24 24 24 24 24 24 24 24 24 24
bU 24
bL 24