p 40 ws 0.3 0.2 0.15 1.0 0.6
e 0 1
e 0 39
e 0 2
e 0 38
e 0 37
e 0 36
e 0 13
e 0 16
e 0 25
e 0 28
e 0 24
e 0 14
e 0 33
e 1 2
e 1 3
e 1 4
e 1 9
e 1 30
e 1 17
e 2 3
e 2 5
e 2 39
e 2 38
e 2 37
e 2 28
e 2 13
e 3 4
e 3 5
e 3 6
e 3 7
e 3 39
e 4 6
e 4 7
e 4 8
e 4 29
e 4 36
e 4 30
e 5 8
e 5 21
e 5 19
e 5 27
e 5 6
e 5 34
e 6 7
e 6 10
e 6 30
e 7 11
e 7 19
e 7 25
e 7 26
e 7 23
e 8 9
e 8 10
e 8 11
e 8 12
e 9 11
e 9 12
e 9 13
e 9 27
e 9 36
e 10 11
e 10 13
e 10 14
e 10 27
e 11 12
e 11 13
e 11 14
e 11 17
e 12 13
e 12 14
e 12 31
e 12 39
e 12 20
e 12 32
e 13 14
e 13 16
e 14 16
e 14 17
e 14 31
e 15 16
e 15 17
e 15 18
e 15 19
e 16 17
e 16 19
e 16 20
e 16 21
e 17 18
e 17 19
e 17 20
e 17 28
e 18 19
e 18 20
e 18 21
e 18 22
e 18 38
e 19 21
e 19 23
e 19 31
e 19 34
e 20 21
e 20 22
e 20 23
e 20 24
e 21 22
e 21 23
e 21 36
e 22 23
e 22 24
e 22 25
e 22 26
e 22 29
e 23 24
e 23 25
e 23 27
e 24 25
e 24 26
e 24 27
e 24 28
e 25 28
e 25 29
e 25 32
e 26 27
e 26 28
e 26 29
e 26 36
e 27 29
e 27 30
e 27 31
e 28 29
e 28 31
e 28 32
e 29 30
e 29 31
e 29 33
e 30 31
e 30 33
e 30 36
e 30 37
e 31 32
e 31 34
e 31 35
e 32 33
e 32 34
e 32 35
e 32 36
e 33 34
e 33 36
e 33 38
e 34 35
e 34 36
e 34 38
e 35 36
e 35 37
e 35 38
e 35 39
e 36 37
e 37 38
e 37 39
e 38 39
cU 1 1 1 1 1 1 1 1 1 1 1 1 1 1 1 1 1 1 1 1 1 1 1 1 1 1 1 1 1 1 1 1 1 1 1 1 1 1 1 1
cL 1 1 1 1 1 1 1 1 1 1 1 1 1 1 1 1 1 1 1 1 1 1 1 1 1 1 1 1 1 1 1 1 1 1 1 1 1 1 1 1
iL 24 24 24 24 24 24 24 24 24 24 24 24 24 24 24 24 24 24 24 24 24 24 24 24 24 24 24 24 24 24 24 24 24 24 24 24 24 24 24 24
bU 24
bL 24