p 50 ws 0.3 0.2 0.15 1.0 0.6
e 0 2
e 0 48
e 0 47
e 0 4
e 0 46
e 0 5
e 0 20
e 0 11
e 0 1
e 0 40
e 1 2
e 1 3
e 1 48
e 1 6
e 1 45
e 1 21
e 1 31
e 1 25
e 2 3
e 2 4
e 2 5
e 2 6
e 2 8
e 3 4
e 3 5
e 3 6
e 3 7
e 3 8
e 3 48
e 3 27
e 4 5
e 4 6
e 4 8
e 4 49
e 4 32
e 4 23
e 4 12
e 4 14
e 4 29
e 5 7
e 5 8
e 5 10
e 5 23
e 5 13
e 5 26
e 5 43
e 6 7
e 6 8
e 6 9
e 6 10
e 6 11
e 6 46
e 7 10
e 7 11
e 7 12
e 7 48
e 7 34
e 7 40
e 7 22
e 8 9
e 8 11
e 8 13
e 8 36
e 8 39
e 8 35
e 8 10
e 8 38
e 8 49
e 8 20
e 9 10
e 9 11
e 9 13
e 9 14
e 9 16
e 10 14
e 10 15
e 10 32
e 10 23
e 10 46
e 10 19
e 10 17
e 10 24
e 10 44
e 10 36
e 11 12
e 11 14
e 11 15
e 11 16
e 12 13
e 12 14
e 12 28
e 12 35
e 12 19
e 13 14
e 13 17
e 13 26
e 13 35
e 13 20
e 14 15
e 14 16
e 14 17
e 14 18
e 14 25
e 14 38
e 15 18
e 15 19
e 15 20
e 15 41
e 15 42
e 15 49
e 15 33
e 16 19
e 16 20
e 16 31
e 16 38
e 16 41
e 16 44
e 16 39
e 17 18
e 17 19
e 17 21
e 17 20
e 18 19
e 18 22
e 18 23
e 18 49
e 18 47
e 19 21
e 19 22
e 19 23
e 19 24
e 19 35
e 19 25
e 19 45
e 19 47
e 20 21
e 20 22
e 20 23
e 20 25
e 20 48
e 21 22
e 21 23
e 21 46
e 21 38
e 22 23
e 22 24
e 22 40
e 22 37
e 22 49
e 22 34
e 23 25
e 23 26
e 23 27
e 23 28
e 23 32
e 24 25
e 24 26
e 24 29
e 24 35
e 24 43
e 24 45
e 25 37
e 25 26
e 25 39
e 25 32
e 26 27
e 26 30
e 26 31
e 26 49
e 26 39
e 26 38
e 27 29
e 27 30
e 27 48
e 27 31
e 27 49
e 27 47
e 28 29
e 28 30
e 28 32
e 28 33
e 28 47
e 28 35
e 29 30
e 29 31
e 29 32
e 29 38
e 29 47
e 30 31
e 30 32
e 30 33
e 30 35
e 30 44
e 30 43
e 30 41
e 30 45
e 30 46
e 31 32
e 31 33
e 31 34
e 31 36
e 31 38
e 32 35
e 32 44
e 33 34
e 33 36
e 33 37
e 33 49
e 33 35
e 34 35
e 34 36
e 34 39
e 34 46
e 34 44
e 35 37
e 35 42
e 36 38
e 36 39
e 36 40
e 36 47
e 36 41
e 37 38
e 37 39
e 37 40
e 37 41
e 37 42
e 37 44
e 38 39
e 38 41
e 39 41
e 39 44
e 40 45
e 40 47
e 41 42
e 41 44
e 41 45
e 42 43
e 42 44
e 42 47
e 42 48
e 43 44
e 43 47
e 43 48
e 43 49
e 45 46
e 45 47
e 45 48
e 46 47
e 47 49
e 48 49
cU 1 1 1 1 1 1 1 1 1 1 1 1 1 1 1 1 1 1 1 1 1 1 1 1 1 1 1 1 1 1 1 1 1 1 1 1 1 1 1 1 1 1 1 1 1 1 1 1 1 1
cL 1 1 1 1 1 1 1 1 1 1 1 1 1 1 1 1 1 1 1 1 1 1 1 1 1 1 1 1 1 1 1 1 1 1 1 1 1 1 1 1 1 1 1 1 1 1 1 1 1 1
iL 30 30 30 30 30 30 30 30 30 30 30 30 30 30 30 30 30 30 30 30 30 30 30 30 30 30 30 30 30 30 30 30 30 30 30 30 30 30 30 30 30 30 30 30 30 30 30 30 30 30
bU 30
bL 30