p 50 ws 0.3 0.2 0.15 1.0 0.6
e 0 1
e 0 49
e 0 2
e 0 3
e 0 46
e 0 5
e 0 15
e 0 18
e 0 22
e 1 2
e 1 3
e 1 49
e 1 4
e 1 48
e 1 47
e 1 6
e 1 10
e 1 30
e 1 27
e 2 5
e 2 49
e 2 6
e 2 48
e 2 47
e 2 30
e 2 44
e 2 34
e 2 19
e 3 4
e 3 5
e 3 7
e 3 25
e 3 34
e 3 23
e 3 28
e 3 13
e 4 5
e 4 6
e 4 13
e 4 29
e 4 36
e 4 42
e 4 45
e 5 6
e 5 7
e 5 8
e 5 9
e 5 10
e 5 43
e 5 45
e 5 33
e 6 7
e 6 27
e 6 21
e 6 32
e 6 24
e 6 45
e 6 40
e 7 10
e 7 36
e 7 40
e 7 30
e 7 33
e 7 42
e 7 31
e 7 21
e 8 11
e 8 12
e 8 13
e 8 26
e 8 41
e 8 23
e 8 16
e 9 10
e 9 11
e 9 14
e 9 17
e 9 19
e 9 36
e 10 12
e 10 13
e 10 15
e 10 22
e 10 25
e 10 46
e 10 42
e 10 26
e 11 12
e 11 15
e 11 47
e 11 33
e 11 28
e 12 14
e 12 16
e 12 29
e 12 48
e 12 45
e 12 40
e 12 27
e 13 14
e 13 20
e 13 31
e 13 37
e 13 39
e 13 46
e 14 15
e 14 16
e 14 17
e 14 18
e 14 19
e 14 32
e 15 17
e 15 18
e 15 48
e 15 28
e 15 46
e 15 49
e 16 17
e 16 18
e 16 24
e 16 37
e 16 19
e 16 45
e 17 18
e 17 19
e 17 21
e 17 22
e 17 31
e 17 41
e 17 44
e 17 35
e 18 20
e 18 21
e 18 22
e 18 23
e 18 27
e 18 43
e 19 20
e 19 21
e 19 22
e 19 23
e 19 24
e 19 47
e 19 37
e 20 21
e 20 23
e 20 24
e 20 36
e 20 38
e 20 28
e 21 24
e 21 40
e 21 23
e 21 28
e 22 25
e 22 27
e 22 34
e 22 46
e 22 42
e 23 24
e 23 26
e 23 27
e 23 34
e 24 28
e 24 29
e 24 33
e 24 35
e 24 41
e 24 38
e 24 40
e 24 48
e 25 28
e 25 29
e 25 30
e 26 27
e 26 29
e 26 31
e 26 48
e 26 40
e 27 28
e 27 29
e 27 30
e 27 40
e 27 44
e 28 29
e 28 30
e 28 32
e 28 33
e 28 47
e 29 30
e 29 32
e 29 34
e 29 45
e 29 37
e 30 31
e 30 34
e 30 40
e 30 37
e 31 33
e 31 35
e 31 36
e 31 41
e 32 33
e 32 36
e 32 37
e 32 40
e 33 34
e 33 35
e 33 37
e 33 46
e 34 35
e 34 37
e 34 39
e 35 36
e 35 37
e 35 39
e 36 37
e 36 38
e 37 38
e 37 40
e 37 42
e 37 49
e 38 39
e 38 41
e 38 43
e 39 40
e 39 41
e 39 42
e 39 43
e 39 44
e 39 47
e 39 49
e 40 41
e 40 42
e 41 42
e 41 43
e 41 45
e 41 46
e 42 43
e 42 47
e 42 49
e 43 45
e 43 46
e 43 47
e 44 45
e 44 46
e 44 47
e 45 46
e 45 47
e 45 48
cU 1 1 1 1 1 1 1 1 1 1 1 1 1 1 1 1 1 1 1 1 1 1 1 1 1 1 1 1 1 1 1 1 1 1 1 1 1 1 1 1 1 1 1 1 1 1 1 1 1 1
cL 1 1 1 1 1 1 1 1 1 1 1 1 1 1 1 1 1 1 1 1 1 1 1 1 1 1 1 1 1 1 1 1 1 1 1 1 1 1 1 1 1 1 1 1 1 1 1 1 1 1
iL 30 30 30 30 30 30 30 30 30 30 30 30 30 30 30 30 30 30 30 30 30 30 30 30 30 30 30 30 30 30 30 30 30 30 30 30 30 30 30 30 30 30 30 30 30 30 30 30 30 30
bU 30
bL 30