p 50 ws 0.3 0.1 0.1 1.0 0.6
e 0 49
e 0 2
e 0 48
e 0 47
e 0 25
e 0 41
e 1 49
e 1 10
e 1 11
e 2 4
e 2 46
e 3 5
e 3 40
e 3 4
e 4 6
e 4 21
e 5 6
e 5 7
e 5 22
e 6 28
e 6 11
e 6 13
e 7 8
e 7 42
e 7 20
e 8 9
e 8 10
e 9 10
e 9 11
e 10 11
e 10 12
e 11 12
e 11 13
e 11 30
e 11 33
e 11 36
e 12 13
e 12 46
e 12 17
e 13 14
e 14 15
e 14 16
e 15 17
e 15 46
e 16 17
e 16 18
e 17 18
e 17 19
e 17 28
e 18 19
e 18 27
e 19 20
e 19 21
e 19 39
e 20 21
e 20 22
e 21 34
e 21 31
e 22 24
e 23 25
e 23 35
e 24 25
e 24 26
e 25 26
e 26 27
e 26 39
e 26 47
e 27 28
e 27 39
e 28 29
e 29 31
e 29 43
e 30 38
e 31 32
e 32 33
e 32 34
e 33 39
e 34 35
e 34 36
e 35 36
e 35 37
e 36 37
e 37 38
e 37 39
e 38 39
e 38 40
e 39 40
e 40 41
e 40 42
e 41 42
e 41 46
e 42 44
e 43 44
e 43 45
e 44 45
e 44 46
e 45 46
e 45 47
e 47 48
e 48 49
cU 1 1 1 1 1 1 1 1 1 1 1 1 1 1 1 1 1 1 1 1 1 1 1 1 1 1 1 1 1 1 1 1 1 1 1 1 1 1 1 1 1 1 1 1 1 1 1 1 1 1
cL 1 1 1 1 1 1 1 1 1 1 1 1 1 1 1 1 1 1 1 1 1 1 1 1 1 1 1 1 1 1 1 1 1 1 1 1 1 1 1 1 1 1 1 1 1 1 1 1 1 1
iL 30 30 30 30 30 30 30 30 30 30 30 30 30 30 30 30 30 30 30 30 30 30 30 30 30 30 30 30 30 30 30 30 30 30 30 30 30 30 30 30 30 30 30 30 30 30 30 30 30 30
bU 30
bL 30