p 50 ws 0.3 0.1 0.1 1.0 0.6
e 0 1
e 0 49
e 0 2
e 1 2
e 1 3
e 1 49
e 2 4
e 2 47
e 3 4
e 3 5
e 4 5
e 4 45
e 5 6
e 5 7
e 6 7
e 6 8
e 6 12
e 6 20
e 7 8
e 7 9
e 8 9
e 8 10
e 9 11
e 9 16
e 9 43
e 10 37
e 10 14
e 11 12
e 11 13
e 11 31
e 12 13
e 12 36
e 13 15
e 13 28
e 14 16
e 14 42
e 14 37
e 15 16
e 15 17
e 16 17
e 16 18
e 17 18
e 17 19
e 17 24
e 18 20
e 18 36
e 19 20
e 19 21
e 20 21
e 20 28
e 21 22
e 21 23
e 21 29
e 22 24
e 22 40
e 22 47
e 23 24
e 23 37
e 24 25
e 24 43
e 25 26
e 25 29
e 25 39
e 26 27
e 26 28
e 27 28
e 27 29
e 28 29
e 29 48
e 30 31
e 30 32
e 31 32
e 32 33
e 32 48
e 33 34
e 33 35
e 34 35
e 34 36
e 35 36
e 35 37
e 36 37
e 37 38
e 38 39
e 38 40
e 39 40
e 39 41
e 40 41
e 40 42
e 41 42
e 41 43
e 42 43
e 42 44
e 44 45
e 44 46
e 45 46
e 45 47
e 46 47
e 46 48
e 47 48
e 48 49
cU 1 1 1 1 1 1 1 1 1 1 1 1 1 1 1 1 1 1 1 1 1 1 1 1 1 1 1 1 1 1 1 1 1 1 1 1 1 1 1 1 1 1 1 1 1 1 1 1 1 1
cL 1 1 1 1 1 1 1 1 1 1 1 1 1 1 1 1 1 1 1 1 1 1 1 1 1 1 1 1 1 1 1 1 1 1 1 1 1 1 1 1 1 1 1 1 1 1 1 1 1 1
iL 30 30 30 30 30 30 30 30 30 30 30 30 30 30 30 30 30 30 30 30 30 30 30 30 30 30 30 30 30 30 30 30 30 30 30 30 30 30 30 30 30 30 30 30 30 30 30 30 30 30
bU 30
bL 30