p 50 ws 0.3 0.15 0.1 1.0 0.6
e 0 49
e 0 2
e 0 48
e 0 47
e 0 4
e 0 46
e 0 5
e 0 32
e 0 40
e 0 37
e 1 2
e 1 49
e 1 5
e 1 47
e 1 22
e 1 37
e 2 3
e 2 4
e 2 5
e 2 49
e 2 48
e 2 39
e 3 4
e 3 5
e 3 6
e 3 21
e 3 34
e 3 26
e 4 5
e 4 6
e 4 8
e 4 21
e 5 9
e 5 19
e 5 25
e 5 36
e 6 7
e 6 8
e 6 9
e 6 10
e 7 9
e 7 10
e 7 14
e 7 17
e 8 9
e 8 11
e 8 12
e 8 21
e 9 10
e 9 11
e 9 12
e 9 13
e 10 11
e 10 12
e 10 13
e 10 18
e 11 12
e 11 13
e 11 15
e 11 33
e 12 13
e 12 14
e 12 15
e 12 22
e 12 46
e 12 34
e 13 14
e 13 16
e 13 43
e 13 41
e 13 47
e 14 16
e 14 17
e 14 18
e 14 49
e 15 16
e 15 17
e 15 18
e 15 33
e 15 35
e 16 17
e 16 18
e 16 19
e 16 44
e 16 47
e 16 46
e 17 18
e 17 19
e 17 20
e 17 21
e 17 38
e 17 35
e 18 19
e 18 20
e 18 22
e 18 36
e 18 46
e 18 42
e 18 23
e 19 20
e 19 21
e 19 22
e 19 23
e 20 21
e 20 22
e 20 23
e 20 24
e 20 48
e 21 23
e 21 24
e 21 25
e 22 23
e 22 24
e 22 26
e 23 24
e 23 25
e 23 26
e 24 25
e 24 26
e 24 28
e 24 46
e 25 26
e 25 27
e 25 28
e 25 37
e 26 27
e 26 28
e 26 29
e 26 30
e 27 29
e 27 30
e 27 31
e 27 47
e 27 49
e 28 29
e 28 30
e 28 31
e 28 48
e 29 30
e 29 31
e 29 32
e 29 42
e 30 31
e 30 32
e 30 33
e 30 34
e 31 32
e 31 34
e 31 35
e 31 49
e 32 34
e 32 35
e 32 36
e 32 48
e 33 34
e 33 36
e 33 37
e 34 35
e 34 38
e 34 47
e 35 36
e 35 37
e 35 38
e 36 38
e 36 39
e 36 40
e 37 38
e 37 39
e 37 41
e 38 39
e 38 41
e 38 48
e 39 40
e 39 41
e 39 42
e 39 43
e 39 47
e 40 41
e 40 42
e 40 43
e 40 44
e 41 42
e 41 43
e 41 45
e 42 43
e 42 44
e 42 45
e 42 46
e 43 44
e 43 45
e 43 46
e 43 47
e 44 45
e 44 47
e 44 48
e 45 46
e 45 47
e 45 48
e 45 49
e 46 48
cU 1 1 1 1 1 1 1 1 1 1 1 1 1 1 1 1 1 1 1 1 1 1 1 1 1 1 1 1 1 1 1 1 1 1 1 1 1 1 1 1 1 1 1 1 1 1 1 1 1 1
cL 1 1 1 1 1 1 1 1 1 1 1 1 1 1 1 1 1 1 1 1 1 1 1 1 1 1 1 1 1 1 1 1 1 1 1 1 1 1 1 1 1 1 1 1 1 1 1 1 1 1
iL 30 30 30 30 30 30 30 30 30 30 30 30 30 30 30 30 30 30 30 30 30 30 30 30 30 30 30 30 30 30 30 30 30 30 30 30 30 30 30 30 30 30 30 30 30 30 30 30 30 30
bU 30
bL 30