p 50 ws 0.3 0.1 0.1 1.0 0.6
e 0 49
e 0 2
e 0 13
e 0 16
e 1 2
e 1 49
e 1 15
e 1 11
e 1 27
e 2 36
e 2 9
e 2 7
e 3 26
e 3 24
e 3 44
e 4 5
e 4 6
e 4 41
e 4 43
e 5 6
e 5 7
e 5 40
e 6 8
e 6 12
e 6 48
e 7 9
e 7 45
e 8 9
e 8 47
e 9 46
e 10 11
e 10 12
e 11 12
e 11 14
e 11 28
e 12 14
e 12 31
e 13 15
e 13 36
e 14 16
e 14 47
e 15 45
e 15 27
e 16 32
e 17 18
e 17 28
e 18 20
e 18 46
e 19 20
e 19 21
e 20 28
e 20 35
e 21 22
e 21 23
e 21 29
e 22 23
e 22 24
e 23 24
e 23 25
e 24 26
e 25 26
e 25 27
e 26 28
e 26 46
e 27 44
e 28 39
e 29 31
e 30 31
e 30 32
e 31 33
e 31 42
e 32 33
e 32 34
e 33 34
e 33 35
e 34 35
e 34 36
e 35 36
e 35 37
e 35 38
e 36 37
e 36 38
e 37 38
e 37 39
e 38 40
e 39 40
e 39 41
e 40 48
e 41 42
e 42 43
e 42 44
e 43 44
e 44 45
e 44 46
e 45 46
e 45 47
e 46 47
e 46 48
e 47 49
e 47 48
cU 1 1 1 1 1 1 1 1 1 1 1 1 1 1 1 1 1 1 1 1 1 1 1 1 1 1 1 1 1 1 1 1 1 1 1 1 1 1 1 1 1 1 1 1 1 1 1 1 1 1
cL 1 1 1 1 1 1 1 1 1 1 1 1 1 1 1 1 1 1 1 1 1 1 1 1 1 1 1 1 1 1 1 1 1 1 1 1 1 1 1 1 1 1 1 1 1 1 1 1 1 1
iL 30 30 30 30 30 30 30 30 30 30 30 30 30 30 30 30 30 30 30 30 30 30 30 30 30 30 30 30 30 30 30 30 30 30 30 30 30 30 30 30 30 30 30 30 30 30 30 30 30 30
bU 30
bL 30