p 50 ws 0.3 0.1 0.1 1.0 0.6
e 0 1
e 0 49
e 0 2
e 0 48
e 1 3
e 1 49
e 1 9
e 2 3
e 2 41
e 3 5
e 3 24
e 4 15
e 4 26
e 5 6
e 5 44
e 6 8
e 6 24
e 7 8
e 7 9
e 7 16
e 8 10
e 8 34
e 8 20
e 9 10
e 9 11
e 9 12
e 9 25
e 10 12
e 10 37
e 11 12
e 11 15
e 12 13
e 13 47
e 13 16
e 14 36
e 14 39
e 14 23
e 15 16
e 15 17
e 16 40
e 16 33
e 17 18
e 17 19
e 17 31
e 17 37
e 18 20
e 18 41
e 19 38
e 19 30
e 20 43
e 21 22
e 21 23
e 21 25
e 21 30
e 22 23
e 22 24
e 23 24
e 23 25
e 24 41
e 24 29
e 24 48
e 24 46
e 25 34
e 25 41
e 26 27
e 26 28
e 26 47
e 27 28
e 27 46
e 28 30
e 28 40
e 28 38
e 29 31
e 30 45
e 31 32
e 32 34
e 32 43
e 33 34
e 34 36
e 35 36
e 35 37
e 35 45
e 36 37
e 36 38
e 37 38
e 37 42
e 38 39
e 39 41
e 39 43
e 40 42
e 40 47
e 41 43
e 41 42
e 43 45
e 44 45
e 44 46
e 45 48
e 46 47
e 46 48
e 47 49
cU 1 1 1 1 1 1 1 1 1 1 1 1 1 1 1 1 1 1 1 1 1 1 1 1 1 1 1 1 1 1 1 1 1 1 1 1 1 1 1 1 1 1 1 1 1 1 1 1 1 1
cL 1 1 1 1 1 1 1 1 1 1 1 1 1 1 1 1 1 1 1 1 1 1 1 1 1 1 1 1 1 1 1 1 1 1 1 1 1 1 1 1 1 1 1 1 1 1 1 1 1 1
iL 30 30 30 30 30 30 30 30 30 30 30 30 30 30 30 30 30 30 30 30 30 30 30 30 30 30 30 30 30 30 30 30 30 30 30 30 30 30 30 30 30 30 30 30 30 30 30 30 30 30
bU 30
bL 30