p 50 ws 0.3 0.2 0.15 1.0 0.6
e 0 49
e 0 48
e 0 47
e 0 46
e 0 24
e 0 16
e 0 39
e 0 13
e 0 41
e 0 31
e 0 14
e 1 49
e 1 48
e 1 5
e 1 47
e 1 6
e 1 25
e 1 8
e 1 38
e 1 29
e 2 3
e 2 4
e 2 5
e 2 6
e 2 48
e 2 47
e 2 17
e 2 40
e 2 26
e 2 38
e 3 4
e 3 5
e 3 6
e 3 7
e 3 49
e 3 8
e 3 39
e 4 5
e 4 6
e 4 7
e 4 8
e 4 9
e 4 49
e 5 6
e 5 7
e 5 9
e 5 42
e 5 44
e 5 31
e 5 20
e 6 7
e 6 8
e 6 10
e 6 31
e 6 29
e 6 28
e 6 39
e 7 8
e 7 9
e 7 10
e 7 11
e 7 12
e 7 25
e 7 49
e 7 38
e 8 9
e 8 10
e 8 11
e 8 13
e 8 38
e 8 19
e 9 10
e 9 11
e 9 12
e 9 13
e 9 14
e 9 24
e 9 26
e 10 12
e 10 14
e 10 15
e 10 42
e 10 41
e 11 12
e 11 28
e 11 31
e 11 46
e 11 20
e 11 38
e 11 23
e 12 13
e 12 14
e 12 15
e 12 16
e 12 17
e 13 14
e 13 15
e 13 17
e 13 36
e 13 23
e 14 15
e 14 16
e 14 19
e 14 20
e 14 32
e 14 30
e 14 38
e 14 42
e 15 18
e 15 20
e 15 29
e 15 48
e 15 38
e 16 17
e 16 21
e 16 43
e 16 29
e 16 22
e 16 23
e 16 36
e 16 35
e 17 20
e 17 21
e 17 22
e 17 41
e 18 19
e 18 20
e 18 21
e 18 22
e 18 44
e 18 26
e 18 46
e 19 20
e 19 23
e 19 40
e 19 26
e 19 49
e 20 22
e 20 23
e 20 24
e 20 25
e 21 22
e 21 23
e 21 24
e 21 25
e 21 26
e 22 23
e 22 24
e 22 25
e 22 26
e 22 27
e 22 43
e 23 24
e 23 25
e 23 27
e 23 34
e 23 47
e 23 41
e 24 25
e 24 27
e 24 28
e 24 29
e 24 31
e 25 28
e 25 29
e 25 30
e 25 31
e 25 42
e 26 27
e 26 29
e 26 37
e 27 28
e 27 29
e 27 30
e 27 31
e 27 32
e 27 41
e 27 45
e 28 29
e 28 30
e 28 31
e 28 32
e 28 36
e 28 45
e 29 30
e 29 32
e 29 33
e 29 34
e 29 45
e 30 31
e 30 32
e 30 33
e 30 34
e 30 35
e 30 44
e 31 32
e 31 36
e 32 33
e 32 34
e 32 35
e 32 36
e 32 37
e 32 47
e 33 34
e 33 35
e 33 36
e 33 37
e 33 45
e 33 48
e 34 36
e 34 38
e 34 39
e 34 49
e 34 46
e 35 36
e 35 37
e 35 38
e 35 39
e 35 40
e 36 40
e 36 41
e 37 38
e 37 39
e 37 41
e 37 42
e 38 41
e 38 40
e 39 40
e 39 43
e 39 46
e 40 43
e 40 44
e 40 49
e 41 43
e 41 44
e 41 45
e 42 45
e 42 46
e 43 44
e 43 45
e 43 47
e 43 48
e 44 49
e 44 47
e 45 47
e 45 48
e 46 47
e 46 49
e 47 48
e 48 49
cU 1 1 1 1 1 1 1 1 1 1 1 1 1 1 1 1 1 1 1 1 1 1 1 1 1 1 1 1 1 1 1 1 1 1 1 1 1 1 1 1 1 1 1 1 1 1 1 1 1 1
cL 1 1 1 1 1 1 1 1 1 1 1 1 1 1 1 1 1 1 1 1 1 1 1 1 1 1 1 1 1 1 1 1 1 1 1 1 1 1 1 1 1 1 1 1 1 1 1 1 1 1
iL 30 30 30 30 30 30 30 30 30 30 30 30 30 30 30 30 30 30 30 30 30 30 30 30 30 30 30 30 30 30 30 30 30 30 30 30 30 30 30 30 30 30 30 30 30 30 30 30 30 30
bU 30
bL 30