p 50 ws 0.3 0.15 0.1 1.0 0.6
e 0 1
e 0 49
e 0 48
e 0 47
e 0 4
e 0 12
e 0 6
e 0 10
e 1 2
e 1 3
e 1 49
e 1 4
e 1 5
e 1 47
e 2 3
e 2 4
e 2 5
e 2 49
e 2 48
e 2 28
e 2 30
e 2 29
e 3 4
e 3 6
e 3 7
e 3 49
e 3 48
e 3 5
e 4 6
e 4 7
e 4 8
e 4 42
e 4 24
e 4 21
e 5 6
e 5 7
e 5 42
e 5 44
e 5 46
e 6 7
e 6 8
e 6 9
e 6 36
e 7 8
e 7 9
e 7 10
e 7 11
e 7 36
e 7 39
e 7 22
e 8 9
e 8 10
e 8 11
e 8 12
e 8 39
e 9 10
e 9 11
e 9 12
e 9 13
e 9 40
e 10 12
e 10 39
e 10 30
e 11 13
e 11 23
e 11 35
e 11 49
e 11 21
e 11 30
e 12 13
e 12 14
e 12 15
e 12 33
e 12 23
e 13 14
e 13 15
e 13 16
e 13 17
e 13 44
e 14 15
e 14 16
e 14 17
e 14 18
e 14 28
e 15 17
e 15 18
e 15 40
e 15 41
e 15 35
e 15 32
e 16 17
e 16 18
e 16 19
e 16 20
e 17 18
e 17 20
e 17 21
e 17 39
e 17 31
e 18 20
e 18 21
e 18 22
e 18 23
e 18 44
e 19 22
e 19 23
e 19 26
e 19 38
e 20 21
e 20 22
e 20 23
e 20 24
e 20 33
e 21 22
e 21 23
e 22 23
e 22 24
e 22 38
e 23 24
e 23 25
e 23 26
e 23 29
e 24 25
e 24 27
e 24 28
e 25 26
e 25 27
e 25 29
e 25 47
e 25 45
e 26 27
e 26 28
e 26 29
e 26 30
e 26 34
e 27 28
e 27 29
e 27 31
e 27 37
e 27 48
e 27 40
e 28 31
e 28 32
e 29 31
e 29 32
e 29 43
e 30 32
e 30 33
e 30 41
e 31 32
e 31 33
e 31 34
e 31 35
e 31 43
e 31 48
e 32 33
e 32 34
e 32 35
e 33 37
e 33 48
e 33 40
e 34 35
e 34 37
e 34 38
e 35 36
e 35 38
e 35 37
e 36 38
e 36 39
e 36 40
e 37 40
e 37 41
e 37 47
e 37 42
e 38 39
e 38 40
e 38 41
e 38 42
e 39 43
e 40 43
e 40 45
e 41 42
e 41 43
e 41 45
e 41 44
e 42 45
e 42 46
e 43 45
e 43 46
e 43 47
e 44 46
e 45 46
e 45 47
e 45 48
e 46 47
e 46 48
e 46 49
e 47 48
e 47 49
e 48 49
cU 1 1 1 1 1 1 1 1 1 1 1 1 1 1 1 1 1 1 1 1 1 1 1 1 1 1 1 1 1 1 1 1 1 1 1 1 1 1 1 1 1 1 1 1 1 1 1 1 1 1
cL 1 1 1 1 1 1 1 1 1 1 1 1 1 1 1 1 1 1 1 1 1 1 1 1 1 1 1 1 1 1 1 1 1 1 1 1 1 1 1 1 1 1 1 1 1 1 1 1 1 1
iL 30 30 30 30 30 30 30 30 30 30 30 30 30 30 30 30 30 30 30 30 30 30 30 30 30 30 30 30 30 30 30 30 30 30 30 30 30 30 30 30 30 30 30 30 30 30 30 30 30 30
bU 30
bL 30