p 50 ws 0.3 0.1 0.1 1.0 0.6
e 0 2
e 0 23
e 0 36
e 1 2
e 1 3
e 2 3
e 2 38
e 2 21
e 3 4
e 3 5
e 3 13
e 3 43
e 4 6
e 4 9
e 4 33
e 4 14
e 5 11
e 5 30
e 5 47
e 6 42
e 6 14
e 6 9
e 6 46
e 7 8
e 7 9
e 8 9
e 8 35
e 9 32
e 10 12
e 10 24
e 10 48
e 10 45
e 11 45
e 11 28
e 11 17
e 12 14
e 12 48
e 12 47
e 13 39
e 14 15
e 14 49
e 15 32
e 15 43
e 16 18
e 16 25
e 17 18
e 17 32
e 17 24
e 18 20
e 18 36
e 18 33
e 18 39
e 19 20
e 19 38
e 20 21
e 20 36
e 21 22
e 22 23
e 22 24
e 23 42
e 23 39
e 23 48
e 24 25
e 24 44
e 24 28
e 25 26
e 25 31
e 25 47
e 25 29
e 26 27
e 26 49
e 26 42
e 27 47
e 27 49
e 27 30
e 29 30
e 29 31
e 30 32
e 30 41
e 30 44
e 31 41
e 32 34
e 33 38
e 34 35
e 34 36
e 35 36
e 35 37
e 36 38
e 37 38
e 37 39
e 38 40
e 39 47
e 40 41
e 40 42
e 41 43
e 42 43
e 43 44
e 44 47
e 45 46
e 46 47
cU 1 1 1 1 1 1 1 1 1 1 1 1 1 1 1 1 1 1 1 1 1 1 1 1 1 1 1 1 1 1 1 1 1 1 1 1 1 1 1 1 1 1 1 1 1 1 1 1 1 1
cL 1 1 1 1 1 1 1 1 1 1 1 1 1 1 1 1 1 1 1 1 1 1 1 1 1 1 1 1 1 1 1 1 1 1 1 1 1 1 1 1 1 1 1 1 1 1 1 1 1 1
iL 30 30 30 30 30 30 30 30 30 30 30 30 30 30 30 30 30 30 30 30 30 30 30 30 30 30 30 30 30 30 30 30 30 30 30 30 30 30 30 30 30 30 30 30 30 30 30 30 30 30
bU 30
bL 30