p 50 ws 0.3 0.15 0.1 1.0 0.6
e 0 49
e 0 2
e 0 48
e 0 3
e 0 47
e 0 4
e 0 46
e 0 36
e 0 45
e 1 2
e 1 3
e 1 49
e 1 48
e 1 5
e 1 47
e 1 17
e 1 31
e 1 21
e 1 39
e 2 3
e 2 4
e 2 49
e 2 6
e 2 48
e 2 8
e 3 5
e 3 7
e 3 49
e 3 23
e 3 34
e 3 22
e 4 5
e 4 6
e 4 7
e 4 42
e 4 25
e 5 6
e 5 8
e 5 9
e 5 25
e 5 31
e 6 9
e 6 18
e 6 12
e 6 11
e 6 40
e 7 9
e 7 10
e 7 44
e 7 37
e 8 9
e 8 12
e 8 27
e 8 14
e 8 38
e 8 41
e 9 10
e 9 11
e 9 12
e 9 13
e 10 11
e 10 12
e 10 14
e 10 30
e 10 31
e 11 13
e 11 15
e 11 25
e 11 12
e 11 16
e 12 13
e 12 14
e 12 16
e 12 20
e 12 35
e 13 14
e 13 15
e 13 16
e 13 39
e 14 15
e 14 16
e 14 24
e 14 26
e 14 27
e 14 28
e 14 40
e 15 18
e 15 19
e 15 32
e 15 22
e 15 49
e 16 18
e 16 36
e 16 28
e 17 20
e 17 21
e 17 35
e 17 26
e 17 36
e 17 34
e 18 19
e 18 20
e 18 21
e 18 22
e 19 20
e 19 21
e 19 22
e 19 23
e 20 22
e 20 23
e 20 24
e 21 22
e 21 23
e 21 24
e 21 25
e 22 24
e 22 29
e 22 46
e 22 49
e 22 42
e 22 28
e 23 24
e 23 26
e 23 27
e 23 30
e 24 26
e 24 27
e 24 28
e 24 44
e 25 26
e 25 27
e 25 28
e 25 29
e 25 43
e 26 27
e 26 30
e 26 48
e 27 29
e 27 30
e 27 31
e 27 42
e 27 35
e 28 29
e 28 30
e 28 32
e 28 45
e 29 31
e 29 33
e 29 39
e 30 31
e 30 33
e 30 34
e 31 33
e 31 35
e 31 48
e 32 34
e 32 35
e 32 36
e 32 49
e 32 38
e 33 34
e 33 35
e 33 36
e 33 37
e 33 46
e 34 36
e 34 38
e 35 37
e 36 37
e 36 39
e 36 40
e 37 38
e 37 39
e 37 40
e 37 41
e 38 40
e 38 41
e 38 42
e 39 40
e 39 41
e 39 43
e 40 41
e 40 42
e 40 43
e 40 44
e 41 42
e 41 43
e 41 44
e 42 46
e 43 44
e 43 45
e 43 46
e 44 45
e 44 46
e 44 48
e 45 46
e 45 48
e 46 49
e 47 48
e 47 49
cU 1 1 1 1 1 1 1 1 1 1 1 1 1 1 1 1 1 1 1 1 1 1 1 1 1 1 1 1 1 1 1 1 1 1 1 1 1 1 1 1 1 1 1 1 1 1 1 1 1 1
cL 1 1 1 1 1 1 1 1 1 1 1 1 1 1 1 1 1 1 1 1 1 1 1 1 1 1 1 1 1 1 1 1 1 1 1 1 1 1 1 1 1 1 1 1 1 1 1 1 1 1
iL 30 30 30 30 30 30 30 30 30 30 30 30 30 30 30 30 30 30 30 30 30 30 30 30 30 30 30 30 30 30 30 30 30 30 30 30 30 30 30 30 30 30 30 30 30 30 30 30 30 30
bU 30
bL 30