p 50 ws 0.3 0.2 0.15 1.0 0.6
e 0 1
e 0 2
e 0 47
e 0 4
e 0 46
e 0 5
e 0 45
e 0 44
e 0 28
e 0 9
e 0 30
e 1 2
e 1 3
e 1 49
e 1 48
e 1 5
e 1 47
e 1 6
e 1 46
e 1 36
e 2 3
e 2 4
e 2 49
e 2 6
e 2 48
e 2 7
e 2 47
e 2 22
e 2 13
e 2 26
e 2 18
e 2 40
e 3 7
e 3 49
e 3 8
e 3 48
e 3 35
e 3 22
e 3 29
e 3 15
e 4 6
e 4 8
e 4 9
e 4 49
e 4 36
e 4 11
e 4 23
e 5 6
e 5 7
e 5 8
e 5 9
e 5 10
e 5 20
e 5 37
e 5 44
e 6 7
e 6 8
e 6 9
e 6 11
e 6 33
e 6 32
e 7 8
e 7 9
e 7 10
e 7 34
e 7 15
e 8 9
e 8 10
e 8 11
e 8 12
e 8 13
e 8 26
e 9 10
e 9 11
e 9 14
e 9 29
e 9 35
e 9 21
e 9 23
e 9 43
e 10 12
e 10 14
e 10 15
e 10 18
e 10 46
e 11 12
e 11 14
e 11 15
e 11 16
e 11 38
e 11 41
e 12 13
e 12 14
e 12 15
e 12 16
e 12 17
e 12 24
e 12 21
e 13 14
e 13 15
e 13 17
e 13 37
e 13 47
e 13 19
e 14 15
e 14 16
e 14 17
e 14 18
e 14 19
e 14 42
e 15 16
e 15 17
e 15 20
e 15 28
e 16 17
e 16 18
e 16 19
e 16 20
e 16 21
e 17 18
e 17 19
e 17 20
e 17 21
e 17 22
e 17 36
e 17 25
e 17 38
e 18 19
e 18 21
e 18 22
e 18 47
e 18 48
e 19 20
e 19 21
e 19 22
e 19 23
e 19 44
e 20 21
e 20 22
e 20 23
e 20 25
e 21 22
e 21 23
e 21 24
e 21 26
e 22 24
e 22 26
e 22 27
e 22 33
e 22 41
e 23 25
e 23 26
e 23 27
e 23 32
e 24 25
e 24 27
e 24 28
e 24 29
e 24 40
e 25 26
e 25 28
e 25 29
e 25 30
e 26 28
e 26 32
e 26 41
e 26 36
e 26 35
e 26 34
e 27 28
e 27 29
e 27 30
e 27 31
e 27 32
e 28 29
e 28 30
e 28 31
e 28 32
e 28 33
e 29 32
e 29 33
e 29 34
e 29 37
e 30 31
e 30 32
e 30 33
e 30 35
e 30 34
e 31 32
e 31 33
e 31 34
e 31 36
e 31 48
e 31 49
e 31 41
e 31 45
e 32 33
e 32 35
e 32 37
e 32 46
e 33 35
e 33 36
e 33 37
e 33 38
e 34 35
e 34 36
e 34 37
e 34 38
e 34 42
e 35 36
e 35 38
e 35 40
e 36 38
e 36 39
e 36 40
e 36 47
e 36 45
e 37 38
e 37 39
e 37 40
e 37 42
e 38 39
e 38 40
e 38 41
e 39 40
e 39 41
e 39 42
e 39 43
e 39 44
e 40 42
e 40 43
e 40 44
e 41 42
e 42 44
e 42 47
e 42 49
e 43 44
e 43 45
e 43 46
e 43 47
e 44 45
e 44 49
e 45 46
e 45 47
e 45 48
e 45 49
e 46 47
e 46 48
e 46 49
e 47 49
cU 1 1 1 1 1 1 1 1 1 1 1 1 1 1 1 1 1 1 1 1 1 1 1 1 1 1 1 1 1 1 1 1 1 1 1 1 1 1 1 1 1 1 1 1 1 1 1 1 1 1
cL 1 1 1 1 1 1 1 1 1 1 1 1 1 1 1 1 1 1 1 1 1 1 1 1 1 1 1 1 1 1 1 1 1 1 1 1 1 1 1 1 1 1 1 1 1 1 1 1 1 1
iL 30 30 30 30 30 30 30 30 30 30 30 30 30 30 30 30 30 30 30 30 30 30 30 30 30 30 30 30 30 30 30 30 30 30 30 30 30 30 30 30 30 30 30 30 30 30 30 30 30 30
bU 30
bL 30