p 50 ws 0.3 0.1 0.1 1.0 0.6
e 0 1
e 0 49
e 0 24
e 1 2
e 1 49
e 1 44
e 2 4
e 2 42
e 2 18
e 3 4
e 3 5
e 3 9
e 3 19
e 4 5
e 4 6
e 5 6
e 5 7
e 6 7
e 6 8
e 7 8
e 7 9
e 8 9
e 8 10
e 9 31
e 10 12
e 10 46
e 10 34
e 11 12
e 11 13
e 11 26
e 12 13
e 12 14
e 12 31
e 13 14
e 13 15
e 14 15
e 14 16
e 14 37
e 15 16
e 15 17
e 16 18
e 16 27
e 17 18
e 17 19
e 17 40
e 17 33
e 18 26
e 19 21
e 19 36
e 20 21
e 20 22
e 21 23
e 21 33
e 22 23
e 22 24
e 23 25
e 23 33
e 24 25
e 24 42
e 24 37
e 25 26
e 25 27
e 26 28
e 27 28
e 27 29
e 28 36
e 28 39
e 29 30
e 29 31
e 30 32
e 30 33
e 31 47
e 32 33
e 32 45
e 33 34
e 34 35
e 35 36
e 35 37
e 36 38
e 36 42
e 38 39
e 38 40
e 39 40
e 39 41
e 39 48
e 40 42
e 41 43
e 41 47
e 42 43
e 43 44
e 43 45
e 44 45
e 44 46
e 45 46
e 45 47
e 46 47
e 46 48
e 47 48
e 47 49
e 48 49
cU 1 1 1 1 1 1 1 1 1 1 1 1 1 1 1 1 1 1 1 1 1 1 1 1 1 1 1 1 1 1 1 1 1 1 1 1 1 1 1 1 1 1 1 1 1 1 1 1 1 1
cL 1 1 1 1 1 1 1 1 1 1 1 1 1 1 1 1 1 1 1 1 1 1 1 1 1 1 1 1 1 1 1 1 1 1 1 1 1 1 1 1 1 1 1 1 1 1 1 1 1 1
iL 30 30 30 30 30 30 30 30 30 30 30 30 30 30 30 30 30 30 30 30 30 30 30 30 30 30 30 30 30 30 30 30 30 30 30 30 30 30 30 30 30 30 30 30 30 30 30 30 30 30
bU 30
bL 30