p 50 ws 0.3 0.2 0.15 1.0 0.6
e 0 1
e 0 2
e 0 48
e 0 3
e 0 47
e 0 4
e 0 46
e 0 5
e 0 45
e 0 33
e 1 3
e 1 49
e 1 46
e 1 10
e 1 14
e 1 18
e 1 25
e 1 13
e 1 35
e 1 36
e 2 4
e 2 5
e 2 6
e 2 48
e 2 7
e 2 47
e 2 21
e 2 18
e 3 5
e 3 7
e 3 49
e 3 48
e 3 42
e 3 16
e 3 18
e 4 6
e 4 7
e 4 8
e 4 9
e 4 11
e 5 6
e 5 7
e 5 10
e 5 32
e 5 49
e 5 22
e 5 48
e 5 46
e 6 8
e 6 9
e 6 10
e 6 27
e 6 7
e 6 17
e 7 8
e 7 12
e 7 42
e 7 23
e 7 21
e 8 9
e 8 11
e 8 13
e 8 39
e 8 19
e 9 10
e 9 12
e 9 25
e 9 16
e 9 29
e 10 11
e 10 12
e 10 15
e 10 21
e 10 41
e 10 48
e 10 49
e 11 12
e 11 13
e 11 14
e 11 16
e 11 24
e 11 21
e 11 41
e 12 13
e 12 15
e 12 16
e 12 17
e 12 42
e 12 37
e 13 14
e 13 15
e 13 18
e 13 46
e 13 42
e 13 39
e 14 15
e 14 17
e 14 19
e 14 27
e 15 17
e 15 18
e 15 19
e 15 20
e 15 26
e 15 43
e 15 16
e 16 17
e 16 18
e 16 20
e 16 22
e 17 19
e 17 20
e 17 21
e 17 22
e 17 49
e 18 19
e 18 21
e 18 22
e 18 37
e 18 32
e 19 20
e 19 22
e 19 23
e 19 24
e 19 39
e 19 37
e 19 44
e 20 24
e 20 25
e 20 36
e 20 46
e 20 40
e 20 35
e 20 44
e 21 22
e 21 23
e 21 25
e 21 26
e 21 40
e 22 23
e 22 24
e 22 25
e 22 41
e 22 39
e 22 31
e 23 24
e 23 26
e 23 27
e 23 28
e 24 28
e 24 29
e 24 32
e 24 36
e 24 37
e 25 26
e 25 28
e 25 29
e 25 43
e 25 49
e 25 39
e 26 27
e 26 28
e 26 29
e 26 30
e 26 46
e 26 47
e 27 47
e 27 37
e 27 45
e 27 38
e 27 49
e 27 39
e 27 42
e 28 29
e 28 30
e 28 32
e 28 33
e 28 36
e 28 41
e 29 30
e 29 32
e 29 33
e 29 39
e 29 47
e 29 41
e 30 31
e 30 32
e 30 33
e 30 34
e 30 35
e 31 32
e 31 33
e 31 34
e 31 35
e 31 36
e 31 40
e 32 36
e 32 37
e 32 41
e 33 34
e 33 36
e 33 37
e 33 41
e 34 35
e 34 36
e 34 37
e 34 39
e 34 40
e 35 36
e 35 37
e 35 39
e 35 40
e 36 38
e 36 39
e 36 40
e 36 45
e 37 40
e 38 39
e 38 40
e 38 41
e 38 42
e 38 43
e 39 41
e 39 42
e 39 44
e 39 46
e 40 41
e 40 43
e 40 44
e 40 45
e 41 42
e 41 45
e 42 43
e 42 44
e 42 45
e 42 46
e 42 47
e 43 45
e 43 47
e 43 48
e 44 45
e 44 46
e 44 49
e 45 46
e 45 48
e 45 49
e 46 48
e 47 48
e 47 49
e 48 49
cU 1 1 1 1 1 1 1 1 1 1 1 1 1 1 1 1 1 1 1 1 1 1 1 1 1 1 1 1 1 1 1 1 1 1 1 1 1 1 1 1 1 1 1 1 1 1 1 1 1 1
cL 1 1 1 1 1 1 1 1 1 1 1 1 1 1 1 1 1 1 1 1 1 1 1 1 1 1 1 1 1 1 1 1 1 1 1 1 1 1 1 1 1 1 1 1 1 1 1 1 1 1
iL 30 30 30 30 30 30 30 30 30 30 30 30 30 30 30 30 30 30 30 30 30 30 30 30 30 30 30 30 30 30 30 30 30 30 30 30 30 30 30 30 30 30 30 30 30 30 30 30 30 30
bU 30
bL 30