p 50 ws 0.3 0.1 0.1 1.0 0.6
e 0 1
e 0 2
e 0 48
e 0 35
e 0 24
e 1 2
e 1 3
e 1 49
e 1 40
e 2 3
e 2 4
e 2 20
e 3 4
e 3 5
e 4 5
e 4 18
e 4 44
e 5 6
e 5 7
e 6 7
e 6 11
e 6 43
e 7 8
e 7 9
e 7 27
e 8 9
e 8 10
e 9 10
e 9 11
e 10 11
e 10 12
e 10 49
e 11 13
e 12 13
e 12 14
e 12 23
e 13 14
e 13 35
e 14 16
e 14 33
e 15 16
e 15 37
e 16 17
e 16 30
e 17 19
e 17 21
e 18 19
e 18 20
e 19 20
e 19 21
e 20 22
e 21 22
e 21 41
e 22 24
e 22 45
e 23 24
e 23 33
e 24 40
e 25 26
e 25 27
e 26 27
e 26 28
e 27 28
e 27 45
e 28 29
e 28 30
e 29 30
e 29 44
e 30 31
e 30 32
e 30 39
e 31 32
e 31 47
e 32 33
e 32 34
e 33 34
e 33 42
e 34 35
e 34 36
e 35 37
e 36 38
e 36 43
e 36 46
e 37 38
e 37 43
e 38 39
e 38 40
e 39 40
e 40 42
e 41 42
e 41 43
e 42 43
e 43 44
e 43 45
e 44 45
e 45 47
e 46 47
e 47 48
e 47 49
e 48 49
cU 1 1 1 1 1 1 1 1 1 1 1 1 1 1 1 1 1 1 1 1 1 1 1 1 1 1 1 1 1 1 1 1 1 1 1 1 1 1 1 1 1 1 1 1 1 1 1 1 1 1
cL 1 1 1 1 1 1 1 1 1 1 1 1 1 1 1 1 1 1 1 1 1 1 1 1 1 1 1 1 1 1 1 1 1 1 1 1 1 1 1 1 1 1 1 1 1 1 1 1 1 1
iL 30 30 30 30 30 30 30 30 30 30 30 30 30 30 30 30 30 30 30 30 30 30 30 30 30 30 30 30 30 30 30 30 30 30 30 30 30 30 30 30 30 30 30 30 30 30 30 30 30 30
bU 30
bL 30