p 50 ws 0.3 0.2 0.15 1.0 0.6
e 0 1
e 0 49
e 0 48
e 0 3
e 0 47
e 0 4
e 0 46
e 0 5
e 0 45
e 0 22
e 0 26
e 1 2
e 1 3
e 1 49
e 1 48
e 1 5
e 1 47
e 1 6
e 1 46
e 1 37
e 1 20
e 1 12
e 2 3
e 2 4
e 2 5
e 2 49
e 2 48
e 2 7
e 2 47
e 2 24
e 3 4
e 3 5
e 3 6
e 3 7
e 3 49
e 3 8
e 3 48
e 3 17
e 4 5
e 4 6
e 4 8
e 4 9
e 4 49
e 4 45
e 5 6
e 5 7
e 5 8
e 5 9
e 5 10
e 5 15
e 5 32
e 5 33
e 6 7
e 6 9
e 6 10
e 6 11
e 6 22
e 6 46
e 7 8
e 7 9
e 7 10
e 7 11
e 7 29
e 8 9
e 8 10
e 8 11
e 8 13
e 8 30
e 9 10
e 9 11
e 9 12
e 9 13
e 9 14
e 9 31
e 10 11
e 10 12
e 10 13
e 10 14
e 10 15
e 10 39
e 11 12
e 11 14
e 11 15
e 11 16
e 11 49
e 12 13
e 12 14
e 12 15
e 12 16
e 12 17
e 13 14
e 13 15
e 13 16
e 13 17
e 13 18
e 14 15
e 14 16
e 14 17
e 14 18
e 14 19
e 15 16
e 15 18
e 15 19
e 15 20
e 16 17
e 16 18
e 16 19
e 16 20
e 16 21
e 17 18
e 17 19
e 17 20
e 17 22
e 17 30
e 17 31
e 18 20
e 18 21
e 18 22
e 18 23
e 18 35
e 19 20
e 19 21
e 19 22
e 19 46
e 19 34
e 20 21
e 20 23
e 20 24
e 20 25
e 20 29
e 21 22
e 21 23
e 21 24
e 21 25
e 21 26
e 21 43
e 21 35
e 22 24
e 22 25
e 22 26
e 22 46
e 23 24
e 23 25
e 23 26
e 23 27
e 23 28
e 24 25
e 24 26
e 24 27
e 24 28
e 24 29
e 25 26
e 25 27
e 25 28
e 25 29
e 25 30
e 26 27
e 26 28
e 26 29
e 26 30
e 26 31
e 26 45
e 27 28
e 27 29
e 27 30
e 27 31
e 27 32
e 27 37
e 28 29
e 28 30
e 28 31
e 28 32
e 28 33
e 28 44
e 29 30
e 29 32
e 29 34
e 29 35
e 30 31
e 30 32
e 30 34
e 30 35
e 31 32
e 31 33
e 31 34
e 32 33
e 32 34
e 32 36
e 32 37
e 33 34
e 33 35
e 33 36
e 33 38
e 34 35
e 34 36
e 34 37
e 34 39
e 34 47
e 34 40
e 35 36
e 35 37
e 35 38
e 35 39
e 35 41
e 35 44
e 36 37
e 36 38
e 36 39
e 36 40
e 36 41
e 37 39
e 37 41
e 37 42
e 38 39
e 38 40
e 38 42
e 38 43
e 38 48
e 39 40
e 39 42
e 39 43
e 39 44
e 40 41
e 40 42
e 40 43
e 40 44
e 41 43
e 41 44
e 41 45
e 41 46
e 42 43
e 42 44
e 42 45
e 42 46
e 42 47
e 43 44
e 43 45
e 43 46
e 43 48
e 44 45
e 44 46
e 44 48
e 45 47
e 45 48
e 45 49
e 46 47
e 46 48
e 47 48
e 47 49
e 48 49
cU 1 1 1 1 1 1 1 1 1 1 1 1 1 1 1 1 1 1 1 1 1 1 1 1 1 1 1 1 1 1 1 1 1 1 1 1 1 1 1 1 1 1 1 1 1 1 1 1 1 1
cL 1 1 1 1 1 1 1 1 1 1 1 1 1 1 1 1 1 1 1 1 1 1 1 1 1 1 1 1 1 1 1 1 1 1 1 1 1 1 1 1 1 1 1 1 1 1 1 1 1 1
iL 30 30 30 30 30 30 30 30 30 30 30 30 30 30 30 30 30 30 30 30 30 30 30 30 30 30 30 30 30 30 30 30 30 30 30 30 30 30 30 30 30 30 30 30 30 30 30 30 30 30
bU 30
bL 30