p 50 ws 0.3 0.1 0.1 1.0 0.6
e 0 1
e 0 49
e 0 2
e 0 48
e 1 2
e 1 3
e 2 3
e 2 29
e 2 25
e 3 4
e 3 25
e 3 49
e 4 6
e 4 45
e 4 8
e 4 18
e 4 34
e 5 6
e 5 7
e 6 16
e 6 30
e 6 7
e 6 13
e 7 9
e 7 43
e 7 28
e 8 10
e 8 17
e 9 10
e 9 11
e 10 11
e 10 12
e 11 23
e 11 45
e 12 13
e 12 14
e 13 14
e 14 16
e 14 32
e 14 43
e 15 16
e 15 17
e 16 17
e 16 18
e 16 30
e 17 19
e 18 39
e 18 32
e 18 40
e 19 20
e 19 21
e 20 21
e 20 38
e 20 36
e 21 22
e 21 23
e 22 24
e 22 28
e 23 24
e 23 25
e 24 42
e 24 27
e 25 26
e 25 32
e 26 27
e 26 28
e 27 28
e 27 29
e 28 42
e 29 31
e 31 32
e 31 33
e 32 33
e 33 34
e 33 43
e 34 35
e 34 38
e 35 36
e 35 37
e 36 49
e 37 38
e 37 46
e 38 39
e 38 42
e 39 40
e 39 41
e 40 41
e 41 42
e 41 43
e 42 43
e 43 44
e 44 45
e 44 46
e 45 46
e 45 47
e 46 47
e 46 48
e 47 48
e 47 49
e 48 49
cU 1 1 1 1 1 1 1 1 1 1 1 1 1 1 1 1 1 1 1 1 1 1 1 1 1 1 1 1 1 1 1 1 1 1 1 1 1 1 1 1 1 1 1 1 1 1 1 1 1 1
cL 1 1 1 1 1 1 1 1 1 1 1 1 1 1 1 1 1 1 1 1 1 1 1 1 1 1 1 1 1 1 1 1 1 1 1 1 1 1 1 1 1 1 1 1 1 1 1 1 1 1
iL 30 30 30 30 30 30 30 30 30 30 30 30 30 30 30 30 30 30 30 30 30 30 30 30 30 30 30 30 30 30 30 30 30 30 30 30 30 30 30 30 30 30 30 30 30 30 30 30 30 30
bU 30
bL 30