p 50 ws 0.3 0.15 0.1 1.0 0.6
e 0 1
e 0 49
e 0 2
e 0 48
e 0 47
e 0 4
e 0 17
e 0 13
e 0 18
e 1 2
e 1 3
e 1 49
e 1 4
e 1 48
e 1 5
e 1 47
e 1 32
e 1 44
e 2 3
e 2 5
e 2 49
e 2 48
e 2 7
e 2 18
e 2 29
e 2 8
e 2 13
e 2 38
e 3 4
e 3 5
e 3 6
e 3 7
e 3 49
e 4 6
e 4 41
e 4 32
e 4 38
e 4 16
e 4 44
e 5 6
e 5 7
e 5 8
e 5 9
e 5 34
e 5 27
e 6 7
e 6 10
e 6 29
e 6 12
e 6 42
e 6 28
e 7 8
e 7 9
e 7 49
e 7 39
e 8 10
e 8 11
e 8 34
e 9 11
e 9 13
e 9 49
e 9 20
e 9 30
e 10 11
e 10 13
e 10 14
e 10 43
e 11 12
e 11 44
e 11 48
e 11 32
e 11 16
e 12 13
e 12 15
e 12 25
e 13 15
e 13 35
e 13 45
e 14 15
e 14 17
e 14 18
e 14 44
e 14 32
e 15 16
e 15 17
e 15 18
e 15 19
e 15 35
e 15 37
e 16 17
e 16 18
e 16 19
e 16 25
e 17 18
e 17 19
e 17 20
e 17 21
e 17 22
e 18 19
e 18 21
e 19 20
e 19 21
e 19 23
e 19 35
e 19 39
e 20 21
e 20 29
e 20 38
e 20 35
e 21 22
e 21 23
e 21 24
e 21 25
e 21 46
e 22 23
e 22 26
e 22 48
e 22 41
e 23 25
e 23 27
e 23 42
e 23 35
e 24 25
e 24 28
e 24 33
e 24 39
e 25 27
e 25 29
e 25 47
e 25 33
e 25 26
e 25 46
e 26 28
e 26 30
e 26 36
e 26 39
e 26 46
e 27 30
e 27 31
e 27 45
e 28 29
e 28 30
e 28 31
e 29 30
e 29 32
e 29 33
e 29 38
e 30 31
e 30 32
e 30 33
e 30 34
e 31 32
e 31 33
e 31 34
e 31 35
e 32 36
e 32 41
e 33 34
e 33 36
e 33 37
e 33 45
e 34 36
e 34 37
e 34 38
e 35 39
e 35 47
e 35 40
e 35 42
e 36 37
e 36 38
e 36 39
e 36 40
e 37 38
e 37 39
e 37 41
e 38 41
e 39 41
e 39 42
e 39 43
e 40 41
e 40 42
e 40 44
e 41 42
e 41 43
e 42 43
e 42 44
e 42 46
e 43 44
e 43 45
e 43 46
e 43 47
e 44 45
e 44 46
e 44 47
e 45 46
e 45 47
e 46 48
e 47 48
e 47 49
e 48 49
cU 1 1 1 1 1 1 1 1 1 1 1 1 1 1 1 1 1 1 1 1 1 1 1 1 1 1 1 1 1 1 1 1 1 1 1 1 1 1 1 1 1 1 1 1 1 1 1 1 1 1
cL 1 1 1 1 1 1 1 1 1 1 1 1 1 1 1 1 1 1 1 1 1 1 1 1 1 1 1 1 1 1 1 1 1 1 1 1 1 1 1 1 1 1 1 1 1 1 1 1 1 1
iL 30 30 30 30 30 30 30 30 30 30 30 30 30 30 30 30 30 30 30 30 30 30 30 30 30 30 30 30 30 30 30 30 30 30 30 30 30 30 30 30 30 30 30 30 30 30 30 30 30 30
bU 30
bL 30