p 50 ws 0.3 0.1 0.1 1.0 0.6
e 0 1
e 0 48
e 0 4
e 0 31
e 1 49
e 1 8
e 1 37
e 1 44
e 2 3
e 2 4
e 3 4
e 3 5
e 4 6
e 5 7
e 5 48
e 5 9
e 6 41
e 6 31
e 7 8
e 7 9
e 7 29
e 8 9
e 8 10
e 9 11
e 9 12
e 9 38
e 10 11
e 10 18
e 10 48
e 10 26
e 10 25
e 10 41
e 11 12
e 11 13
e 11 41
e 11 45
e 12 14
e 12 28
e 13 14
e 13 15
e 14 15
e 14 16
e 15 17
e 15 40
e 15 20
e 16 17
e 16 18
e 16 40
e 17 18
e 17 19
e 18 20
e 18 19
e 19 20
e 19 23
e 19 42
e 19 39
e 20 21
e 21 22
e 21 23
e 21 39
e 22 34
e 22 46
e 23 25
e 24 25
e 24 26
e 24 49
e 25 45
e 25 34
e 26 27
e 26 41
e 27 28
e 27 29
e 28 41
e 29 30
e 30 31
e 30 32
e 30 44
e 31 32
e 31 33
e 31 44
e 32 33
e 32 34
e 33 34
e 33 35
e 34 35
e 35 36
e 35 37
e 36 37
e 36 38
e 37 39
e 38 40
e 40 42
e 40 47
e 42 44
e 43 44
e 43 45
e 45 46
e 46 47
e 46 48
e 47 49
cU 1 1 1 1 1 1 1 1 1 1 1 1 1 1 1 1 1 1 1 1 1 1 1 1 1 1 1 1 1 1 1 1 1 1 1 1 1 1 1 1 1 1 1 1 1 1 1 1 1 1
cL 1 1 1 1 1 1 1 1 1 1 1 1 1 1 1 1 1 1 1 1 1 1 1 1 1 1 1 1 1 1 1 1 1 1 1 1 1 1 1 1 1 1 1 1 1 1 1 1 1 1
iL 30 30 30 30 30 30 30 30 30 30 30 30 30 30 30 30 30 30 30 30 30 30 30 30 30 30 30 30 30 30 30 30 30 30 30 30 30 30 30 30 30 30 30 30 30 30 30 30 30 30
bU 30
bL 30