p 50 ws 0.3 0.15 0.1 1.0 0.6
e 0 48
e 0 3
e 0 47
e 0 4
e 0 46
e 0 38
e 0 7
e 0 37
e 0 22
e 1 2
e 1 49
e 1 4
e 1 48
e 1 47
e 1 11
e 1 37
e 1 3
e 1 33
e 1 23
e 1 25
e 2 3
e 2 4
e 2 5
e 2 49
e 2 18
e 2 33
e 2 42
e 2 21
e 2 24
e 2 31
e 2 43
e 2 30
e 3 4
e 3 6
e 3 7
e 3 28
e 3 13
e 3 8
e 3 19
e 4 6
e 4 7
e 4 8
e 4 16
e 4 9
e 4 39
e 4 13
e 5 6
e 5 7
e 5 8
e 5 9
e 5 24
e 5 43
e 6 9
e 6 17
e 6 38
e 6 35
e 6 48
e 7 9
e 7 10
e 7 49
e 7 42
e 7 35
e 8 48
e 8 13
e 8 35
e 8 29
e 9 13
e 9 43
e 9 37
e 10 12
e 10 17
e 10 34
e 10 41
e 10 28
e 10 29
e 11 14
e 11 12
e 11 48
e 11 19
e 12 16
e 12 35
e 12 24
e 12 39
e 13 17
e 13 40
e 13 31
e 14 15
e 14 16
e 14 17
e 14 18
e 15 16
e 15 17
e 15 18
e 15 19
e 16 17
e 16 18
e 16 19
e 16 27
e 16 48
e 17 18
e 17 49
e 17 24
e 17 48
e 18 20
e 18 27
e 18 49
e 18 28
e 19 20
e 19 21
e 19 23
e 19 40
e 20 21
e 20 24
e 20 38
e 20 42
e 20 45
e 21 22
e 21 24
e 21 28
e 21 36
e 21 42
e 22 23
e 22 24
e 22 25
e 22 42
e 23 25
e 23 27
e 23 44
e 23 39
e 24 28
e 25 26
e 25 28
e 25 42
e 26 27
e 26 28
e 26 29
e 26 30
e 26 46
e 27 31
e 27 33
e 27 38
e 28 30
e 28 32
e 28 48
e 29 30
e 29 31
e 29 32
e 29 42
e 29 34
e 30 31
e 30 32
e 30 33
e 30 44
e 31 32
e 31 33
e 32 33
e 32 34
e 32 36
e 32 39
e 32 43
e 32 40
e 33 36
e 33 37
e 34 37
e 34 44
e 35 36
e 35 37
e 36 38
e 36 40
e 36 46
e 36 42
e 37 39
e 37 40
e 37 46
e 38 39
e 38 40
e 38 41
e 39 42
e 39 46
e 39 49
e 40 41
e 40 43
e 41 42
e 41 44
e 41 45
e 41 47
e 42 44
e 43 44
e 43 45
e 43 46
e 44 45
e 44 46
e 44 48
e 45 46
e 45 47
e 45 49
e 46 47
e 46 49
e 47 49
e 48 49
cU 1 1 1 1 1 1 1 1 1 1 1 1 1 1 1 1 1 1 1 1 1 1 1 1 1 1 1 1 1 1 1 1 1 1 1 1 1 1 1 1 1 1 1 1 1 1 1 1 1 1
cL 1 1 1 1 1 1 1 1 1 1 1 1 1 1 1 1 1 1 1 1 1 1 1 1 1 1 1 1 1 1 1 1 1 1 1 1 1 1 1 1 1 1 1 1 1 1 1 1 1 1
iL 30 30 30 30 30 30 30 30 30 30 30 30 30 30 30 30 30 30 30 30 30 30 30 30 30 30 30 30 30 30 30 30 30 30 30 30 30 30 30 30 30 30 30 30 30 30 30 30 30 30
bU 30
bL 30