p 50 ws 0.3 0.2 0.15 1.0 0.6
e 0 48
e 0 15
e 0 20
e 0 13
e 0 24
e 0 22
e 0 17
e 0 6
e 0 21
e 0 2
e 0 26
e 1 3
e 1 49
e 1 4
e 1 48
e 1 17
e 1 2
e 1 10
e 1 12
e 1 24
e 1 37
e 2 4
e 2 5
e 2 49
e 2 48
e 2 47
e 2 26
e 2 10
e 2 29
e 3 6
e 3 7
e 3 8
e 3 48
e 3 47
e 3 31
e 3 45
e 3 10
e 3 46
e 4 6
e 4 7
e 4 9
e 4 49
e 4 34
e 4 29
e 4 10
e 5 6
e 5 7
e 5 9
e 5 32
e 5 14
e 5 49
e 5 36
e 6 7
e 6 11
e 6 49
e 6 12
e 6 8
e 6 31
e 6 18
e 6 30
e 6 44
e 7 9
e 7 10
e 7 11
e 7 12
e 7 34
e 8 11
e 8 15
e 8 44
e 8 19
e 9 11
e 9 13
e 9 21
e 9 17
e 9 20
e 9 40
e 9 42
e 9 29
e 9 38
e 10 12
e 10 25
e 10 26
e 10 36
e 10 38
e 10 18
e 10 39
e 11 12
e 11 48
e 11 22
e 11 21
e 11 35
e 11 49
e 11 37
e 11 30
e 12 14
e 12 16
e 12 17
e 12 42
e 13 14
e 13 17
e 13 26
e 13 24
e 13 31
e 13 42
e 13 41
e 14 16
e 14 18
e 14 19
e 14 30
e 14 46
e 14 15
e 14 23
e 15 16
e 15 17
e 15 18
e 15 40
e 15 39
e 15 46
e 15 27
e 16 19
e 16 20
e 16 21
e 16 47
e 16 38
e 16 32
e 16 24
e 17 18
e 17 20
e 17 23
e 17 43
e 17 21
e 17 27
e 18 20
e 18 22
e 18 23
e 18 45
e 18 37
e 19 21
e 19 42
e 19 33
e 19 45
e 19 47
e 19 39
e 19 27
e 20 21
e 20 23
e 20 24
e 20 25
e 20 42
e 21 24
e 21 46
e 21 32
e 21 27
e 21 36
e 21 25
e 21 37
e 21 39
e 22 23
e 22 24
e 22 25
e 22 27
e 22 41
e 22 46
e 22 43
e 23 28
e 23 30
e 23 45
e 23 43
e 24 25
e 24 29
e 24 43
e 24 33
e 25 28
e 25 49
e 25 26
e 25 46
e 26 29
e 26 30
e 27 28
e 27 30
e 27 38
e 27 34
e 27 42
e 28 29
e 28 32
e 28 33
e 28 49
e 28 44
e 29 31
e 29 34
e 29 39
e 30 31
e 30 34
e 30 35
e 30 36
e 30 42
e 31 34
e 31 36
e 31 44
e 31 47
e 32 35
e 32 36
e 32 37
e 32 49
e 33 35
e 33 37
e 33 49
e 34 37
e 34 39
e 34 42
e 34 44
e 34 45
e 35 36
e 35 37
e 35 40
e 35 43
e 36 39
e 37 38
e 37 40
e 38 39
e 38 41
e 38 42
e 38 49
e 39 41
e 39 43
e 39 46
e 39 40
e 39 45
e 40 42
e 40 43
e 40 44
e 40 41
e 41 42
e 41 43
e 41 44
e 42 43
e 42 44
e 43 45
e 43 47
e 43 44
e 44 45
e 44 47
e 44 49
e 45 46
e 45 48
e 45 49
e 46 48
e 46 49
e 46 47
e 47 48
cU 1 1 1 1 1 1 1 1 1 1 1 1 1 1 1 1 1 1 1 1 1 1 1 1 1 1 1 1 1 1 1 1 1 1 1 1 1 1 1 1 1 1 1 1 1 1 1 1 1 1
cL 1 1 1 1 1 1 1 1 1 1 1 1 1 1 1 1 1 1 1 1 1 1 1 1 1 1 1 1 1 1 1 1 1 1 1 1 1 1 1 1 1 1 1 1 1 1 1 1 1 1
iL 30 30 30 30 30 30 30 30 30 30 30 30 30 30 30 30 30 30 30 30 30 30 30 30 30 30 30 30 30 30 30 30 30 30 30 30 30 30 30 30 30 30 30 30 30 30 30 30 30 30
bU 30
bL 30