p 50 ws 0.3 0.2 0.15 1.0 0.6
e 0 1
e 0 49
e 0 2
e 0 3
e 0 47
e 0 46
e 0 15
e 0 37
e 0 23
e 0 40
e 0 10
e 1 2
e 1 49
e 1 4
e 1 48
e 1 5
e 1 47
e 1 46
e 1 37
e 1 17
e 1 16
e 2 3
e 2 4
e 2 5
e 2 6
e 2 7
e 2 47
e 2 41
e 3 4
e 3 5
e 3 6
e 3 7
e 3 49
e 3 48
e 3 42
e 3 21
e 3 29
e 4 5
e 4 7
e 4 8
e 4 9
e 4 49
e 4 11
e 4 36
e 5 7
e 5 8
e 5 9
e 5 10
e 5 15
e 6 7
e 6 8
e 6 9
e 6 10
e 6 11
e 6 15
e 7 8
e 7 9
e 7 10
e 7 11
e 7 12
e 7 21
e 7 45
e 8 10
e 8 11
e 8 12
e 8 13
e 8 44
e 8 18
e 8 32
e 9 10
e 9 11
e 9 12
e 9 13
e 9 14
e 10 11
e 10 12
e 10 14
e 10 15
e 10 31
e 10 42
e 10 49
e 11 14
e 11 15
e 11 16
e 11 18
e 11 21
e 11 41
e 12 15
e 12 16
e 12 17
e 12 38
e 12 28
e 12 21
e 13 14
e 13 15
e 13 17
e 13 18
e 13 23
e 13 32
e 14 15
e 14 16
e 14 17
e 14 18
e 14 19
e 14 26
e 15 16
e 15 18
e 15 19
e 16 17
e 16 18
e 16 19
e 16 21
e 16 46
e 17 18
e 17 20
e 17 21
e 17 22
e 17 45
e 17 28
e 18 20
e 18 21
e 18 22
e 18 23
e 18 48
e 19 22
e 19 23
e 19 24
e 19 37
e 19 26
e 20 22
e 20 23
e 20 24
e 20 25
e 20 29
e 20 30
e 20 31
e 21 23
e 21 26
e 21 42
e 21 45
e 22 24
e 22 25
e 22 26
e 22 46
e 22 45
e 22 28
e 23 24
e 23 27
e 23 28
e 24 25
e 24 26
e 24 27
e 24 28
e 24 29
e 25 26
e 25 27
e 25 28
e 25 29
e 25 30
e 26 27
e 26 28
e 26 30
e 26 31
e 27 28
e 27 29
e 27 30
e 27 31
e 27 32
e 28 29
e 28 30
e 28 31
e 28 32
e 28 33
e 28 43
e 29 30
e 29 31
e 29 32
e 29 33
e 30 32
e 30 33
e 30 34
e 30 42
e 30 31
e 31 32
e 31 33
e 31 35
e 32 33
e 32 36
e 32 37
e 32 46
e 33 35
e 33 36
e 33 37
e 33 38
e 33 39
e 34 35
e 34 36
e 34 37
e 34 38
e 34 39
e 34 42
e 35 36
e 35 37
e 35 38
e 35 39
e 35 40
e 36 37
e 36 38
e 36 40
e 36 41
e 37 40
e 37 41
e 37 42
e 37 48
e 38 39
e 38 40
e 38 41
e 38 42
e 38 43
e 38 48
e 39 40
e 39 41
e 39 42
e 39 43
e 39 44
e 40 41
e 40 42
e 40 43
e 40 44
e 40 45
e 41 43
e 41 44
e 41 45
e 42 46
e 43 44
e 43 45
e 43 46
e 43 48
e 44 45
e 44 46
e 44 47
e 44 48
e 44 49
e 45 47
e 45 49
e 46 47
e 46 48
e 46 49
e 47 48
e 47 49
cU 1 1 1 1 1 1 1 1 1 1 1 1 1 1 1 1 1 1 1 1 1 1 1 1 1 1 1 1 1 1 1 1 1 1 1 1 1 1 1 1 1 1 1 1 1 1 1 1 1 1
cL 1 1 1 1 1 1 1 1 1 1 1 1 1 1 1 1 1 1 1 1 1 1 1 1 1 1 1 1 1 1 1 1 1 1 1 1 1 1 1 1 1 1 1 1 1 1 1 1 1 1
iL 30 30 30 30 30 30 30 30 30 30 30 30 30 30 30 30 30 30 30 30 30 30 30 30 30 30 30 30 30 30 30 30 30 30 30 30 30 30 30 30 30 30 30 30 30 30 30 30 30 30
bU 30
bL 30