p 50 ws 0.3 0.15 0.1 1.0 0.6
e 0 1
e 0 49
e 0 2
e 0 48
e 0 3
e 0 47
e 0 4
e 0 46
e 1 2
e 1 49
e 1 4
e 1 48
e 1 5
e 1 13
e 1 44
e 2 3
e 2 4
e 2 5
e 2 49
e 2 6
e 2 48
e 2 9
e 3 4
e 3 5
e 3 6
e 3 49
e 3 43
e 4 5
e 4 6
e 4 7
e 4 8
e 4 12
e 5 6
e 5 7
e 5 9
e 5 45
e 5 17
e 6 7
e 6 8
e 6 9
e 6 10
e 6 47
e 7 8
e 7 9
e 7 10
e 7 11
e 8 9
e 8 10
e 8 11
e 8 12
e 9 11
e 9 12
e 9 13
e 9 35
e 10 11
e 10 12
e 10 13
e 10 14
e 11 12
e 11 13
e 11 14
e 11 19
e 12 14
e 12 21
e 12 18
e 13 14
e 13 15
e 13 16
e 13 17
e 13 29
e 13 41
e 14 15
e 14 16
e 14 17
e 14 18
e 14 29
e 15 16
e 15 17
e 15 19
e 15 21
e 15 42
e 16 17
e 16 18
e 16 19
e 16 20
e 17 18
e 17 19
e 17 20
e 17 21
e 18 19
e 18 20
e 18 21
e 18 22
e 18 31
e 18 35
e 19 20
e 19 21
e 19 22
e 19 23
e 19 33
e 20 21
e 20 22
e 20 23
e 20 24
e 21 23
e 21 24
e 21 25
e 21 40
e 22 25
e 22 26
e 22 46
e 22 38
e 23 24
e 23 25
e 23 27
e 23 42
e 24 25
e 24 26
e 24 27
e 24 28
e 25 26
e 25 27
e 25 28
e 25 29
e 26 27
e 26 28
e 26 29
e 26 30
e 27 28
e 27 29
e 27 30
e 27 31
e 28 29
e 28 30
e 28 31
e 28 32
e 29 32
e 29 33
e 30 31
e 30 32
e 30 33
e 30 34
e 31 33
e 31 35
e 31 47
e 32 33
e 32 34
e 32 36
e 32 45
e 33 34
e 33 35
e 33 36
e 34 35
e 34 36
e 34 37
e 34 40
e 35 37
e 35 43
e 36 37
e 36 38
e 36 39
e 36 40
e 37 38
e 37 39
e 37 40
e 37 41
e 38 39
e 38 40
e 38 41
e 38 42
e 39 40
e 39 41
e 39 42
e 39 43
e 40 41
e 40 42
e 40 43
e 40 44
e 41 42
e 41 44
e 41 45
e 42 43
e 42 44
e 42 46
e 43 44
e 43 45
e 43 46
e 43 47
e 44 45
e 44 46
e 44 48
e 45 47
e 45 48
e 45 49
e 46 47
e 46 48
e 46 49
e 47 48
e 47 49
e 48 49
cU 1 1 1 1 1 1 1 1 1 1 1 1 1 1 1 1 1 1 1 1 1 1 1 1 1 1 1 1 1 1 1 1 1 1 1 1 1 1 1 1 1 1 1 1 1 1 1 1 1 1
cL 1 1 1 1 1 1 1 1 1 1 1 1 1 1 1 1 1 1 1 1 1 1 1 1 1 1 1 1 1 1 1 1 1 1 1 1 1 1 1 1 1 1 1 1 1 1 1 1 1 1
iL 30 30 30 30 30 30 30 30 30 30 30 30 30 30 30 30 30 30 30 30 30 30 30 30 30 30 30 30 30 30 30 30 30 30 30 30 30 30 30 30 30 30 30 30 30 30 30 30 30 30
bU 30
bL 30